1 1 1.03329
3 1 0.0673766
6 1 0.225188
11 1 0.147523
13 1 0.149212
15 1 0.552901
18 1 0.164636
19 1 0.162918
20 1 0.0535504
2 2 0.538756
1 3 0.0673766
3 3 0.88825
4 3 0.263469
6 3 0.247482
7 3 0.138956
11 3 0.349956
18 3 0.360921
19 3 0.386477
20 3 0.127033
3 4 0.263469
4 4 0.4114
11 4 0.00539522
19 4 0.0133159
5 5 1.34587
8 5 0.357821
10 5 0.24806
15 5 0.573359
1 6 0.225188
3 6 0.247482
6 6 0.707064
7 6 0.0678021
18 6 0.685743
3 7 0.138956
6 7 0.0678021
7 7 0.673581
5 8 0.357821
8 8 0.235593
10 8 0.137497
18 8 0.0994458
9 9 0.00016791
5 10 0.24806
8 10 0.137497
10 10 0.0953204
1 11 0.147523
3 11 0.349956
4 11 0.00539522
11 11 1.57485
19 11 1.12005
20 11 0.278142
12 12 0.77565
1 13 0.149212
13 13 0.544622
14 14 0.817457
20 14 0.388999
1 15 0.552901
5 15 0.573359
15 15 0.849649
1 18 0.164636
3 18 0.360921
6 18 0.685743
8 18 0.0994458
18 18 1.40251
1 19 0.162918
3 19 0.386477
4 19 0.0133159
11 19 1.12005
19 19 1.61039
20 19 0.307169
1 20 0.0535504
3 20 0.127033
11 20 0.278142
14 20 0.388999
19 20 0.307169
20 20 0.446356
