0 0 2.1731
16 0 0.0307672
37 0 -0.101587
43 0 -0.739903
44 0 0.339241
131 0 -0.362615
224 0 -0.0901429
318 0 -1.3055
344 0 1.34816
417 0 0.0504399
500 0 0.700693
641 0 0.0530116
862 0 0.0931085
885 0 -0.26704
1 1 2.16984
117 1 -0.137967
202 1 0.108753
231 1 0.458511
450 1 -2.15993
499 1 -0.683191
535 1 0.0965931
608 1 0.426879
639 1 1.49972
699 1 -0.196673
703 1 -0.660416
805 1 -1.22971
932 1 -0.172892
940 1 0.240397
2 2 4.03491
324 2 -0.14781
380 2 -1.74004
472 2 -1.211
566 2 2.34494
601 2 0.528208
650 2 -1.67925
704 2 -0.160127
759 2 -2.89924
867 2 -1.4112
877 2 0.237742
908 2 -0.427422
972 2 1.69507
3 3 1.71846
47 3 0.434281
123 3 -0.0854067
246 3 0.267274
277 3 -0.331293
319 3 -0.126866
323 3 -0.0499801
387 3 0.265406
397 3 0.285015
427 3 0.146983
443 3 0.270323
531 3 -0.0727507
600 3 -0.818378
749 3 -0.000477516
4 4 1.76917
38 4 -0.722031
110 4 -0.473189
267 4 0.0267975
372 4 0.029454
438 4 0.474779
512 4 0.148726
775 4 0.516131
827 4 -0.332359
840 4 -1.13898
865 4 -0.485624
5 5 3.30369
71 5 -0.349966
388 5 0.83973
461 5 -0.115433
492 5 -0.767089
616 5 -0.963505
720 5 0.338256
732 5 0.919199
751 5 -1.22186
790 5 0.373567
819 5 0.0756678
825 5 -0.020966
876 5 0.033199
948 5 0.0806157
6 6 1.49936
103 6 -0.841091
222 6 -1.53991
247 6 -0.0169256
450 6 0.0402217
563 6 -0.802233
569 6 -2.7642
766 6 -0.0185091
940 6 0.0103143
985 6 0.0401719
7 7 1.4224
50 7 0.035085
97 7 0.433806
361 7 -0.723116
409 7 0.318271
437 7 -0.501743
550 7 0.168627
625 7 -0.0482994
626 7 -0.038077
657 7 0.0101388
696 7 0.274266
757 7 0.225855
899 7 -0.0248936
928 7 -0.241516
930 7 -0.0467225
8 8 6.34296
282 8 0.254437
419 8 -0.961003
547 8 6.4175
643 8 0.331718
682 8 -0.166863
695 8 -1.84135
716 8 -1.83357
803 8 0.0817142
859 8 0.110802
877 8 0.591417
889 8 -4.56787
950 8 -0.42453
961 8 1.37304
9 9 2.04441
60 9 0.424189
113 9 -1.05816
241 9 -0.157816
553 9 0.10203
634 9 1.10607
689 9 -0.725683
743 9 -0.418048
843 9 0.183509
902 9 1.51392
982 9 2.03019
10 10 3.79247
79 10 -0.523427
97 10 -0.848121
190 10 -2.92432
315 10 0.176863
325 10 -1.782
327 10 -0.29299
361 10 0.0757631
446 10 -8.4026
451 10 1.50871
465 10 0.558878
630 10 -1.62022
657 10 -2.03962
787 10 -2.59467
899 10 -2.99313
11 11 3.14205
110 11 3.46859
153 11 -0.991441
313 11 -0.530264
370 11 0.346425
495 11 -1.4291
742 11 -0.817807
775 11 -0.485146
840 11 0.350582
12 12 2.80059
151 12 -0.279492
247 12 -0.190764
265 12 -1.89888
369 12 -0.0652413
392 12 1.2756
441 12 0.0594769
532 12 -7.96072
947 12 -2.79509
13 13 2.93612
153 13 -0.388968
206 13 0.126706
285 13 -1.4286
404 13 0.199235
436 13 -1.47754
445 13 -1.70246
551 13 -0.0981372
590 13 -0.570392
760 13 -0.163788
833 13 0.357083
14 14 1.38182
75 14 -0.414392
83 14 -0.0426167
190 14 -0.0352016
228 14 2.30337
302 14 0.085984
325 14 0.0432567
411 14 0.420315
465 14 -0.766223
466 14 0.598545
507 14 1.64378
787 14 -0.00163282
789 14 -0.702186
792 14 2.00151
799 14 0.0370982
847 14 0.145312
899 14 0.148505
15 15 10.3591
152 15 0.586589
161 15 -0.260907
185 15 0.238767
289 15 0.859823
420 15 0.0547411
425 15 -0.141576
487 15 -1.87077
489 15 0.315321
549 15 -2.55251
554 15 -1.3506
555 15 -0.972499
664 15 -0.981182
692 15 0.184943
740 15 3.22021
0 16 0.0307672
16 16 1.31097
80 16 0.377834
224 16 -0.721555
344 16 0.674908
417 16 -1.43067
585 16 -2.04954
617 16 -1.05532
641 16 2.76367
684 16 3.22152
765 16 3.17156
17 17 1.59739
63 17 -0.418476
410 17 -0.0953849
474 17 0.927322
475 17 0.0480821
506 17 0.356825
582 17 -1.82205
748 17 -0.83851
817 17 0.0512066
854 17 0.30374
875 17 1.60727
18 18 1.3561
99 18 0.0471649
413 18 3.21308
439 18 1.261
681 18 0.0107119
694 18 -3.86251
728 18 -0.693536
768 18 -2.50414
811 18 0.00406013
841 18 -0.119801
866 18 0.244767
19 19 2.91882
25 19 -0.0173455
183 19 -2.13554
185 19 -0.015319
199 19 -0.41635
206 19 -0.588146
215 19 -0.0813902
501 19 0.461645
503 19 -0.0126919
725 19 -0.00765458
738 19 0.785181
870 19 1.63338
892 19 1.72769
900 19 0.244444
971 19 -0.124277
20 20 1.36529
49 20 0.0112571
280 20 0.190238
287 20 -0.00930272
358 20 -0.959359
471 20 -0.20774
647 20 0.586579
671 20 -0.555454
814 20 1.28328
946 20 0.177712
21 21 1.89759
41 21 -3.45198
225 21 0.198481
231 21 -0.152276
450 21 0.147888
608 21 -2.27276
639 21 -0.290737
805 21 -0.154739
812 21 -0.345017
932 21 0.898003
955 21 -2.09659
22 22 1.32024
45 22 1.94983
58 22 0.300332
503 22 0.0620407
596 22 -0.842748
621 22 0.320057
802 22 0.693785
884 22 -4.55973
892 22 0.020624
23 23 13.7965
88 23 4.31841
244 23 -0.602708
356 23 -0.587584
385 23 7.79706
391 23 -0.406434
421 23 -4.28959
432 23 -0.31917
533 23 0.734385
670 23 0.188891
24 24 9.23857
67 24 -0.121657
112 24 -0.120314
120 24 2.22905
130 24 0.209307
149 24 0.10216
166 24 -0.533443
226 24 1.3997
346 24 -1.03368
430 24 -0.53301
435 24 -2.41579
520 24 0.200765
607 24 0.397579
635 24 0.76887
717 24 -0.317791
763 24 -2.88569
957 24 0.276691
19 25 -0.0173455
25 25 4.60982
183 25 -1.84396
221 25 0.138982
242 25 0.271692
374 25 -1.57797
476 25 -0.00208499
586 25 -1.41761
725 25 0.446132
738 25 0.722249
782 25 -0.21686
892 25 0.128103
971 25 -1.33912
26 26 1.63469
232 26 0.282145
294 26 0.282886
402 26 0.708004
496 26 -1.01482
528 26 0.0373027
593 26 1.38414
673 26 -0.104718
678 26 -0.0832514
714 26 -0.611746
855 26 0.843039
857 26 -0.112935
904 26 -0.327062
993 26 0.456649
27 27 2.61996
163 27 -0.283757
172 27 -0.708876
198 27 -0.488616
223 27 0.556418
255 27 -0.611825
293 27 -1.53895
388 27 -0.339273
406 27 0.412224
774 27 0.0735151
922 27 -0.0678693
970 27 -0.181903
973 27 0.512498
28 28 7.9271
127 28 -1.9698
398 28 -1.42919
428 28 2.41335
526 28 -0.0102876
637 28 -0.784995
700 28 1.86912
745 28 -0.39897
813 28 -0.422465
864 28 -0.155139
29 29 1.44279
132 29 -0.000266971
245 29 -0.0924313
268 29 0.12746
350 29 -2.75684
543 29 0.331748
756 29 -0.118304
809 29 -2.73562
908 29 -0.0295471
937 29 0.0706295
945 29 0.0318334
960 29 0.0707151
30 30 5.77277
150 30 -1.65228
304 30 1.32997
321 30 0.578419
339 30 0.475357
444 30 -1.25204
538 30 0.127891
598 30 0.848319
744 30 0.601749
783 30 0.701685
31 31 2.46394
248 31 -2.12634
250 31 -0.880078
291 31 -0.366581
442 31 0.681862
460 31 -0.600918
646 31 -0.0379405
731 31 -1.42406
741 31 -1.63566
793 31 -0.410054
32 32 1.50463
69 32 0.030273
106 32 0.690049
296 32 0.0711089
307 32 -0.0943167
342 32 0.03698
379 32 -0.0365035
407 32 0.117
414 32 0.331421
448 32 0.117263
556 32 0.0606279
680 32 -2.77385
697 32 0.538667
761 32 -1.74938
800 32 -0.487448
943 32 -0.329124
944 32 -0.167168
33 33 2.06231
39 33 0.0739595
80 33 0.672804
89 33 -0.320921
209 33 0.176499
387 33 -0.753364
427 33 -0.0654381
480 33 -2.33938
531 33 0.823544
579 33 2.49609
589 33 -0.0156824
648 33 -0.106459
826 33 0.282196
839 33 0.418844
878 33 -0.0531179
997 33 0.142008
34 34 3.51113
191 34 -0.748305
232 34 -0.0525143
294 34 0.411575
402 34 -0.297677
440 34 -0.654474
573 34 -1.79103
673 34 0.855762
677 34 -1.55168
678 34 1.53116
714 34 -0.237836
764 34 0.307214
855 34 -0.527528
857 34 -0.00140321
904 34 -0.369019
35 35 1.36759
61 35 -1.16575
90 35 -0.501804
122 35 0.711431
143 35 -0.561968
276 35 -0.663551
299 35 -0.420101
486 35 -0.00111444
565 35 -0.603053
572 35 0.161325
733 35 -0.273368
831 35 0.373321
869 35 0.59136
879 35 0.40736
36 36 3.14503
171 36 -0.662683
177 36 -0.567953
308 36 0.121678
317 36 -0.697804
375 36 2.01581
481 36 -1.01302
521 36 1.14026
550 36 -0.185644
746 36 -1.86614
846 36 -0.617536
849 36 1.12063
0 37 -0.101587
37 37 3.28411
43 37 -0.121343
44 37 -0.0841469
131 37 0.0899447
187 37 -1.89711
226 37 -0.700304
331 37 2.60035
435 37 0.0448096
500 37 -0.293093
717 37 -0.00390171
862 37 -0.0295285
957 37 1.42748
4 38 -0.722031
38 38 2.35771
40 38 -0.461844
335 38 0.443139
372 38 0.553187
438 38 -0.157885
512 38 -1.77827
715 38 -0.0250036
827 38 -0.157751
833 38 -0.217886
840 38 0.120663
865 38 0.151055
958 38 1.0984
33 39 0.0739595
39 39 1.62629
80 39 1.97849
89 39 -0.0492867
480 39 -0.0782285
513 39 -0.0276061
765 39 0.724758
826 39 0.121271
839 39 0.502622
878 39 -0.580417
38 40 -0.461844
40 40 2.36752
335 40 0.144201
372 40 -0.0663121
512 40 -0.650782
636 40 0.23062
686 40 2.36496
715 40 0.403498
926 40 0.0412012
958 40 -0.130246
983 40 -1.02315
21 41 -3.45198
41 41 27.2179
74 41 -0.671627
202 41 -0.277722
225 41 -4.12086
231 41 -1.99398
608 41 1.46603
654 41 -0.550997
724 41 -0.415007
805 41 3.32348
812 41 2.97428
932 41 -0.571155
955 41 2.16279
42 42 1.31794
158 42 0.450358
160 42 1.11007
264 42 -0.0784998
297 42 -1.02833
367 42 1.08746
492 42 0.0175436
574 42 0.746941
705 42 -0.138521
720 42 0.00227034
730 42 -5.30476
819 42 -0.523316
0 43 -0.739903
37 43 -0.121343
43 43 1.41314
44 43 -1.06187
67 43 -0.00583525
131 43 0.979937
166 43 0.472163
187 43 0.131898
226 43 0.0776989
331 43 -0.00733165
344 43 0.649824
500 43 -1.386
847 43 -0.123212
862 43 -0.401117
0 44 0.339241
37 44 -0.0841469
43 44 -1.06187
44 44 1.49889
67 44 -0.0260166
131 44 -1.34648
166 44 -1.17729
226 44 -0.0416048
305 44 -0.10845
331 44 -0.0326884
500 44 1.32143
847 44 0.478519
862 44 0.0986079
885 44 0.0755789
22 45 1.94983
45 45 17.2825
330 45 -1.38794
452 45 1.46634
503 45 3.09851
596 45 -0.735188
683 45 1.89101
884 45 -7.60311
892 45 -0.721141
46 46 1.34807
170 46 -0.308201
213 46 -0.126278
235 46 -0.876537
278 46 0.0668336
288 46 -0.0885769
415 46 0.230897
464 46 0.180533
527 46 2.15776
920 46 -0.367385
945 46 0.014925
3 47 0.434281
47 47 4.31166
68 47 -0.368229
121 47 -0.0640105
246 47 0.235434
277 47 -3.01965
319 47 -0.760902
323 47 -1.8441
326 47 0.218326
397 47 1.2954
749 47 0.260989
48 48 1.80326
136 48 0.589722
192 48 0.173919
295 48 -0.0571892
311 48 -0.639453
493 48 0.0964347
519 48 -2.19685
539 48 -0.28022
690 48 0.900516
880 48 0.303692
959 48 -0.365903
964 48 -0.271512
20 49 0.0112571
49 49 2.56572
280 49 -0.833777
287 49 -0.797447
358 49 1.22133
545 49 1.23538
606 49 0.571053
647 49 0.874059
663 49 0.0637314
814 49 -1.79492
946 49 -0.304984
7 50 0.035085
50 50 1.6386
56 50 0.0775306
101 50 -0.0334721
361 50 0.00830978
386 50 0.0572966
587 50 0.93634
626 50 -1.05572
757 50 0.092981
928 50 -0.580682
930 50 -2.22644
51 51 2.72302
135 51 -5.38295
322 51 0.0632615
364 51 -1.9585
590 51 -0.379841
604 51 1.14462
715 51 0.373813
804 51 -0.0668868
810 51 1.80055
926 51 -1.53969
52 52 7.0533
65 52 -0.566086
227 52 -0.34936
243 52 1.80903
256 52 -5.1791
260 52 2.18036
273 52 0.300831
536 52 0.526156
544 52 0.447777
691 52 0.279676
917 52 -3.90661
53 53 1.39788
196 53 0.204016
304 53 7.14493
376 53 1.77537
415 53 0.00247479
444 53 -6.31744
599 53 -2.3919
679 53 0.0496579
744 53 2.31842
969 53 1.53469
976 53 0.00837228
54 54 1.58754
114 54 -0.102492
176 54 0.00707708
253 54 -1.31551
271 54 0.167625
326 54 0.237649
360 54 -1.54618
578 54 0.462064
631 54 -0.0137454
675 54 -0.602507
785 54 -0.416549
836 54 -0.808043
912 54 0.0233166
55 55 2.07802
214 55 -2.28787
236 55 -3.45791
365 55 -0.00575191
447 55 0.834449
477 55 -0.324422
492 55 0.0240686
662 55 0.133626
819 55 -0.04099
905 55 -0.920236
915 55 0.525395
50 56 0.0775306
56 56 1.35672
124 56 -0.000877179
194 56 0.36098
211 56 0.523267
363 56 0.155871
386 56 0.0408248
468 56 -0.671799
482 56 -0.00317525
497 56 -0.374264
542 56 0.000565053
546 56 0.16142
580 56 0.006032
626 56 -0.038018
676 56 -0.814453
757 56 -0.726866
853 56 -0.453098
930 56 -0.0991756
57 57 3.75587
69 57 -1.66734
217 57 2.75796
307 57 0.653325
389 57 0.274391
488 57 -7.30472
680 57 -1.48668
22 58 0.300332
58 58 2.02033
193 58 0.0667671
502 58 0.173718
536 58 -0.405586
596 58 -1.27422
621 58 0.716122
691 58 -0.8809
802 58 4.56828
884 58 -1.00672
901 58 0.0438443
59 59 3.14211
224 59 0.183941
318 59 0.348459
353 59 1.15364
417 59 -1.10383
595 59 -0.368693
629 59 0.705634
713 59 -0.203796
754 59 -1.32665
808 59 2.19524
820 59 4.69234
911 59 -0.463627
990 59 -1.41455
9 60 0.424189
60 60 1.45932
113 60 -1.14864
114 60 -0.251417
138 60 -0.431759
237 60 0.0400347
241 60 0.0633868
306 60 -0.0065329
836 60 0.294371
843 60 0.441372
873 60 0.0294484
891 60 0.00684742
982 60 0.493807
987 60 0.0278149
35 61 -1.16575
61 61 5.31372
90 61 0.0457826
122 61 0.820975
143 61 0.557764
276 61 1.99713
299 61 -0.104701
486 61 -1.83504
511 61 0.39525
572 61 -0.0726165
612 61 0.016602
733 61 -0.19837
827 61 -0.336097
831 61 0.404593
833 61 0.24283
879 61 -0.000982356
922 61 0.312362
62 62 1.39978
165 62 -0.207089
171 62 0.111879
194 62 -1.51108
284 62 0.287457
481 62 0.136901
497 62 0.345597
550 62 0.0787972
577 62 -0.6764
676 62 0.163533
718 62 0.167532
750 62 1.39668
848 62 -0.137715
849 62 0.17482
939 62 0.448725
998 62 0.398337
17 63 -0.418476
63 63 2.39341
70 63 0.171762
400 63 0.459377
410 63 -3.69708
431 63 0.163787
474 63 -0.892018
475 63 -0.640157
506 63 -0.37574
524 63 0.878303
568 63 -0.975907
582 63 -0.20129
594 63 0.0894279
806 63 -0.484551
875 63 0.229519
952 63 0.196619
64 64 3.08911
157 64 -1.93268
216 64 0.188967
234 64 -0.521291
269 64 0.240441
401 64 -0.082687
514 64 2.87968
645 64 0.657788
687 64 -0.880447
822 64 -0.162674
894 64 -0.372999
52 65 -0.566086
65 65 2.40836
227 65 -0.187279
243 65 1.05199
256 65 -0.0149645
260 65 0.0122943
273 65 -0.496332
502 65 -0.114359
536 65 -1.46151
544 65 0.469517
691 65 -0.606603
901 65 0.547138
917 65 -0.027226
66 66 2.7903
76 66 -1.30288
263 66 -1.18039
504 66 0.0385281
557 66 -0.98784
609 66 0.15566
710 66 -0.340667
729 66 1.00477
851 66 -3.34028
921 66 -0.181892
24 67 -0.121657
43 67 -0.00583525
44 67 -0.0260166
67 67 1.29831
112 67 -0.834326
130 67 0.00967529
131 67 0.0468468
149 67 -0.458172
166 67 -0.031242
226 67 0.0554961
305 67 0.426282
331 67 0.0436026
333 67 -0.495824
345 67 3.19771
346 67 -0.201151
430 67 -0.169972
500 67 -0.888496
520 67 -2.1724
539 67 0.235693
607 67 -0.0166085
635 67 -0.0736263
47 68 -0.368229
68 68 5.3036
246 68 -0.411679
277 68 0.187869
323 68 0.283466
682 68 3.5899
695 68 0.735191
774 68 -3.59785
803 68 -2.66019
859 68 0.796905
877 68 0.13885
32 69 0.030273
57 69 -1.66734
69 69 1.94321
217 69 -1.60894
307 69 -0.960325
342 69 0.0278371
379 69 -0.0274784
407 69 0.088073
488 69 7.0072
680 69 -0.133721
800 69 -0.150958
943 69 0.0210897
63 70 0.171762
70 70 2.22215
104 70 -2.74308
390 70 -0.451361
400 70 0.253814
458 70 0.476157
474 70 -0.436661
582 70 -0.104185
708 70 -3.00845
817 70 -0.146739
875 70 0.118795
5 71 -0.349966
71 71 9.22561
142 71 -0.968941
409 71 -0.241378
437 71 -0.0485308
461 71 2.87709
625 71 -0.0103992
727 71 -0.438354
732 71 0.0980779
825 71 -2.75541
876 71 -4.99105
72 72 3.0217
144 72 -2.80758
182 72 0.0461635
240 72 -3.1716
329 72 -1.43546
781 72 0.352297
897 72 0.0601156
938 72 1.13791
73 73 6.29159
220 73 -9.5439
416 73 0.303722
463 73 -3.02267
552 73 1.80359
649 73 -16.0346
824 73 4.92715
976 73 -0.443057
41 74 -0.671627
74 74 1.75434
139 74 -0.348818
140 74 0.114941
178 74 -1.60341
225 74 -0.0332346
231 74 0.285501
288 74 -3.89975
515 74 -0.624023
633 74 0.511956
666 74 -0.0283698
710 74 -0.0654501
812 74 -0.794007
919 74 -0.189053
921 74 0.0154295
978 74 0.221259
14 75 -0.414392
75 75 5.27099
83 75 -0.752871
190 75 0.635699
228 75 -1.43232
302 75 1.519
411 75 -2.19197
465 75 -0.232449
787 75 0.649181
789 75 -0.409251
792 75 3.48456
799 75 0.655381
847 75 -1.51355
862 75 0.122014
66 76 -1.30288
76 76 1.29849
119 76 -0.0387223
168 76 0.00103711
263 76 0.160841
557 76 1.81059
570 76 -0.0105132
597 76 0.0275526
706 76 0.030147
710 76 0.215903
729 76 -0.492231
851 76 1.55201
77 77 7.18384
81 77 0.79228
99 77 -0.0706773
154 77 9.48698
413 77 0.3984
523 77 4.45012
668 77 -3.04374
752 77 0.191948
793 77 -0.203645
829 77 -0.293089
866 77 -9.33257
78 78 17.8665
126 78 0.22681
141 78 -1.5625
235 78 1.33768
274 78 -2.52081
312 78 -0.422099
509 78 5.63212
517 78 -3.81156
598 78 -0.579841
674 78 -1.25568
679 78 4.02851
931 78 -19.1729
10 79 -0.523427
79 79 3.23424
97 79 -0.332812
101 79 -0.822899
315 79 0.582454
327 79 -1.14703
446 79 1.12238
451 79 0.680929
587 79 0.0370415
625 79 -0.308091
630 79 -0.447249
657 79 -1.53176
981 79 -0.386696
16 80 0.377834
33 80 0.672804
39 80 1.97849
80 80 10.7816
89 80 -2.16081
480 80 -0.71164
513 80 -0.0457806
585 80 -2.32492
617 80 -1.23209
641 80 2.10881
684 80 3.93591
765 80 0.0374647
826 80 1.10319
839 80 4.02389
878 80 -1.40044
77 81 0.79228
81 81 4.55028
99 81 -1.31968
154 81 1.20623
173 81 -0.141954
286 81 0.391081
408 81 -0.161464
523 81 0.647272
668 81 -0.379698
681 81 -0.374092
694 81 0.812603
752 81 0.746666
793 81 -0.449484
829 81 -1.77746
82 82 1.46452
91 82 -1.07978
147 82 -0.746783
184 82 -0.428724
238 82 -0.794366
262 82 -0.56176
281 82 0.042182
340 82 1.11898
355 82 -0.200767
390 82 -0.0479008
479 82 0.0462743
516 82 -0.418584
537 82 -0.130879
594 82 -1.54568
614 82 0.882748
952 82 0.0377595
14 83 -0.0426167
75 83 -0.752871
83 83 2.75597
302 83 -5.92509
389 83 0.580846
407 83 0.622243
411 83 0.95126
465 83 0.0990114
507 83 0.37783
789 83 0.339282
792 83 -1.03944
799 83 -2.40612
84 84 2.31864
101 84 -0.969414
315 84 0.232197
327 84 -0.416504
366 84 0.210636
492 84 0.100434
559 84 -0.372875
587 84 0.328469
624 84 0.183935
713 84 0.644292
720 84 -0.502704
819 84 0.0443356
911 84 0.405322
981 84 -0.315855
85 85 1.64639
103 85 0.766813
148 85 -0.829428
200 85 -0.130244
373 85 0.646964
399 85 -1.71479
428 85 -0.139167
457 85 -0.0206689
556 85 0.152139
832 85 -0.0761804
837 85 -0.433468
887 85 0.00978047
86 86 1.28873
254 86 0.043793
269 86 0.133056
303 86 0.121557
434 86 -1.0322
548 86 0.0324203
576 86 -0.0280113
584 86 -0.290359
656 86 -0.382925
798 86 -0.679554
816 86 -0.0165822
912 86 -0.0303631
966 86 -0.0588825
975 86 -0.0470596
87 87 1.55718
209 87 -0.0591106
427 87 0.140843
494 87 3.11736
589 87 0.0524804
600 87 -1.56347
667 87 -0.0146873
739 87 0.511005
801 87 -1.05387
989 87 -0.669169
997 87 1.17597
23 88 4.31841
88 88 24.2244
117 88 0.106244
151 88 1.04255
244 88 -2.25174
356 88 -0.196524
369 88 0.244277
385 88 1.95909
391 88 -2.97356
421 88 -1.2605
441 88 -1.05125
533 88 5.9589
845 88 0.401171
888 88 0.568064
33 89 -0.320921
39 89 -0.0492867
80 89 -2.16081
89 89 1.52146
387 89 -0.538851
480 89 0.339445
513 89 -0.00596444
765 89 0.639905
826 89 -1.09564
839 89 -1.74056
878 89 0.225774
35 90 -0.501804
61 90 0.0457826
90 90 2.75708
143 90 0.0111294
276 90 0.0265392
332 90 -0.15531
565 90 3.8744
647 90 0.0697147
869 90 -3.82972
879 90 -2.57797
82 91 -1.07978
91 91 2.91061
147 91 0.36842
184 91 0.330271
238 91 0.408962
249 91 0.0346569
340 91 -1.03495
516 91 -1.19486
594 91 0.976801
614 91 -0.727401
780 91 -0.529817
863 91 1.21356
890 91 2.78427
92 92 1.80797
128 92 -0.0370456
186 92 0.253919
261 92 -0.154603
469 92 0.478527
508 92 -3.50028
530 92 -0.0856645
726 92 0.415866
778 92 -0.870386
818 92 0.0582077
898 92 -2.52365
93 93 1.33813
118 93 -0.764374
142 93 -0.583391
236 93 0.00214757
287 93 0.132503
367 93 0.0644814
447 93 -3.3249e-005
461 93 0.17592
572 93 -1.02566
723 93 0.0222251
727 93 -0.47406
768 93 0.169851
811 93 -0.286777
841 93 0.11291
905 93 0.000183174
915 93 -0.0140378
948 93 0.00364041
963 93 -0.083773
94 94 2.1966
170 94 0.124795
213 94 0.644776
268 94 -0.0851734
278 94 -0.668252
292 94 0.0398894
702 94 -0.177751
854 94 -0.616328
861 94 -0.37682
881 94 0.66081
916 94 -1.41299
937 94 -0.0663885
95 95 6.95978
123 95 -0.732267
134 95 4.16691
229 95 -3.23472
257 95 -0.00258048
286 95 0.366898
518 95 -0.00309154
779 95 0.000216007
784 95 -5.13021
830 95 -1.98092
882 95 -0.00223526
96 96 2.64836
105 96 -2.32897
252 96 0.408387
254 96 -2.4156
343 96 -0.275118
356 96 -0.284464
434 96 -0.114381
640 96 0.262521
670 96 0.479853
776 96 1.53973
986 96 -1.65859
7 97 0.433806
10 97 -0.848121
79 97 -0.332812
97 97 2.33021
325 97 0.184654
409 97 0.499624
437 97 -1.17419
446 97 1.88258
451 97 -0.993435
498 97 -0.00427725
550 97 0.277715
625 97 -0.198249
630 97 0.754115
657 97 1.23264
696 97 0.451694
899 97 0.530429
981 97 -0.0934376
98 98 3.35684
144 98 -0.157604
240 98 -0.16233
295 98 0.0213176
311 98 -0.199103
354 98 0.238738
424 98 -1.09544
562 98 1.89168
880 98 0.580962
897 98 -0.0894698
913 98 -4.27435
938 98 -0.228872
959 98 -1.529
964 98 -1.17993
992 98 0.0921383
18 99 0.0471649
77 99 -0.0706773
81 99 -1.31968
99 99 1.56822
154 99 -0.0801486
173 99 -0.0054678
408 99 0.775663
439 99 0.150268
523 99 -0.109336
668 99 0.0338719
681 99 0.27028
694 99 -0.939574
728 99 0.0352353
752 99 -1.37848
829 99 0.0424855
100 100 1.71355
139 100 0.276059
140 100 -0.149266
263 100 0.140042
290 100 -0.0832224
314 100 0.201235
504 100 -0.62888
591 100 -0.031972
609 100 0.0303624
618 100 -0.858138
666 100 -0.433555
903 100 0.0304566
920 100 0.151229
942 100 -0.143989
978 100 0.208667
50 101 -0.0334721
79 101 -0.822899
84 101 -0.969414
101 101 2.85824
315 101 -1.8089
327 101 3.42274
366 101 0.0522632
559 101 0.0582786
587 101 -0.884636
624 101 -0.0387364
630 101 0.292968
720 101 0.0763983
930 101 0.0560896
102 102 10.3135
136 102 2.17833
146 102 0.0415658
189 102 4.15952
311 102 -0.0344217
484 102 0.0266404
571 102 0.388261
623 102 3.41374
652 102 0.540151
690 102 -1.08166
755 102 -8.53353
967 102 -3.87774
6 103 -0.841091
85 103 0.766813
103 103 20.7375
222 103 -4.53623
373 103 0.864605
399 103 -1.01231
450 103 4.69538
563 103 5.1981
639 103 1.96605
940 103 0.787283
955 103 0.864594
70 104 -2.74308
104 104 10.1329
390 104 2.6455
400 104 2.09502
458 104 -2.99483
708 104 -0.355327
817 104 -8.38891
96 105 -2.32897
105 105 24.2879
125 105 0.0747645
176 105 -0.280556
252 105 -0.888964
254 105 -0.795299
343 105 4.39436
356 105 1.36768
362 105 0.0707726
578 105 -0.518083
588 105 -3.26037
631 105 0.587554
640 105 6.73395
669 105 -0.0132417
670 105 -2.30709
776 105 -5.05073
986 105 1.72126
32 106 0.690049
106 106 10.3314
148 106 -0.00898633
296 106 -3.55471
414 106 -9.26637
448 106 -0.0213546
556 106 -2.41572
680 106 -2.25422
688 106 -0.0442951
697 106 0.110192
761 106 -10.0323
777 106 -0.0137683
800 106 -0.306212
837 106 0.265422
943 106 0.135872
944 106 0.000505258
107 107 2.09302
115 107 -0.210428
129 107 0.262395
132 107 -0.699902
145 107 0.135387
192 107 -1.12373
197 107 -0.459428
295 107 -0.270048
368 107 -0.274001
571 107 0.604912
652 107 -0.163605
690 107 0.0812041
698 107 0.321235
885 107 0.699166
108 108 11.4909
123 108 -0.275124
163 108 -0.117156
175 108 0.955792
255 108 -0.110496
378 108 7.27228
388 108 -0.105822
513 108 -0.253606
616 108 -0.395348
788 108 0.453649
796 108 0.179238
856 108 0.260408
878 108 -0.00271394
941 108 -3.70661
973 108 1.78316
109 109 6.56983
155 109 1.056
204 109 0.157305
219 109 0.50092
259 109 1.37826
351 109 -1.12643
423 109 -0.165578
529 109 1.06059
535 109 -1.39692
548 109 -0.735362
619 109 -0.194
703 109 0.494966
858 109 -0.657108
927 109 -1.79754
4 110 -0.473189
11 110 3.46859
110 110 5.34143
153 110 -0.938365
267 110 0.24483
313 110 -0.42941
438 110 -0.235118
495 110 -1.07012
742 110 0.0437263
775 110 -2.05856
840 110 1.4149
865 110 0.195157
111 111 19.8895
396 111 -3.02933
521 111 1.99733
577 111 -0.920546
718 111 3.74197
835 111 -3.24169
848 111 -3.10742
939 111 9.77234
998 111 8.96564
24 112 -0.120314
67 112 -0.834326
112 112 1.44402
130 112 -0.133434
149 112 0.181934
333 112 1.13661
334 112 0.185775
345 112 -2.29268
435 112 0.0235721
500 112 0.364767
520 112 1.56371
763 112 0.0496514
9 113 -1.05816
60 113 -1.14864
113 113 1.81251
114 113 0.0342679
138 113 0.0810453
241 113 0.510886
306 113 -0.0283133
634 113 -0.355398
689 113 0.244173
843 113 -2.6502
873 113 -0.0743766
891 113 0.0296765
982 113 -1.5176
54 114 -0.102492
60 114 -0.251417
113 114 0.0342679
114 114 1.78031
138 114 0.00796241
227 114 0.228457
241 114 0.24923
253 114 0.345804
306 114 -0.0319826
675 114 -0.022506
785 114 1.1085
836 114 -1.7834
873 114 -0.716315
891 114 0.0559226
107 115 -0.210428
115 115 1.45111
132 115 0.0659743
145 115 -0.0127667
192 115 0.0705953
197 115 -0.00342952
308 115 0.0430576
316 115 1.15249
368 115 0.0277032
412 115 0.0986997
478 115 0.481179
571 115 -1.58557
651 115 -0.361873
652 115 0.227738
690 115 -0.113036
698 115 -0.0568592
116 116 4.07197
196 116 -0.290378
283 116 -1.48958
321 116 -1.53696
339 116 -2.26108
347 116 -0.234414
444 116 0.0171288
464 116 0.515738
525 116 1.12497
603 116 0.629635
783 116 -1.04931
881 116 0.529867
893 116 1.58996
994 116 0.187336
1 117 -0.137967
88 117 0.106244
117 117 1.30874
151 117 -0.0344739
244 117 -0.166986
247 117 -0.0984561
369 117 -0.378917
441 117 0.890812
450 117 0.549359
499 117 -0.0301785
533 117 0.0242748
608 117 -0.186475
639 117 0.401201
699 117 -0.567103
766 117 0.427817
858 117 -0.459308
932 117 0.0755249
940 117 0.0735715
985 117 -1.02422
93 118 -0.764374
118 118 1.48163
142 118 0.155128
236 118 -0.017457
264 118 0.091677
287 118 -0.578254
365 118 -0.0160308
447 118 0.000270271
453 118 0.159167
572 118 0.425308
659 118 0.0361187
723 118 -0.190333
727 118 0.0316358
734 118 -0.376164
811 118 -0.069956
905 118 -0.00148896
915 118 0.114109
925 118 -0.148732
963 118 0.0432801
76 119 -0.0387223
119 119 6.54343
168 119 -5.08123
369 119 -0.439923
441 119 0.465714
557 119 -9.98249
570 119 2.55828
597 119 -4.09071
706 119 -6.00116
766 119 -0.564655
24 120 2.22905
120 120 5.40371
149 120 -1.01372
207 120 1.16183
301 120 -0.607836
346 120 -1.90618
382 120 1.21111
430 120 -1.14925
607 120 0.49741
635 120 -0.694593
672 120 -0.816195
995 120 -0.558644
47 121 -0.0640105
121 121 1.53062
246 121 0.0553152
271 121 -0.552617
277 121 0.0406964
323 121 0.282913
326 121 -0.017484
360 121 0.0739042
397 121 -0.0215609
514 121 -0.167547
562 121 0.208182
749 121 -1.52225
975 121 0.133916
35 122 0.711431
61 122 0.820975
122 122 9.70899
143 122 0.0588406
276 122 0.0395305
299 122 -9.36429
322 122 -0.120225
332 122 0.0097051
486 122 -0.0448224
733 122 -3.35153
760 122 0.0158689
831 122 5.00836
951 122 -0.910195
977 122 -0.67937
3 123 -0.0854067
95 123 -0.732267
108 123 -0.275124
123 123 1.5749
134 123 -0.409846
175 123 -0.695904
229 123 0.742919
257 123 -0.813036
319 123 0.106347
387 123 -0.831166
443 123 -1.03131
513 123 0.196568
531 123 0.227831
784 123 0.51928
830 123 -0.0780338
941 123 0.0397451
56 124 -0.000877179
124 124 1.3978
159 124 -0.24757
165 124 -0.24008
194 124 -0.00147546
386 124 -2.89981
497 124 -2.16301
626 124 -0.0010435
671 124 0.106681
676 124 0.142962
853 124 0.000129975
956 124 0.10752
977 124 0.24638
996 124 0.136608
105 125 0.0747645
125 125 1.98901
176 125 -1.72086
253 125 0.119621
362 125 -0.0643357
578 125 -0.413999
588 125 -0.105675
631 125 1.79658
669 125 0.28199
785 125 -1.62157
836 125 0.521091
860 125 0.229223
78 126 0.22681
126 126 1.2913
218 126 -0.505018
274 126 -3.12136
654 126 -0.0684195
674 126 -1.19541
711 126 -1.24173
724 126 -0.150643
759 126 0.180519
945 126 0.0956909
28 127 -1.9698
127 127 1.44215
373 127 -1.22816
398 127 0.404259
428 127 -1.68477
457 127 0.351244
505 127 0.733585
526 127 0.589552
637 127 -0.0470162
700 127 0.0054182
745 127 -0.0238958
813 127 0.306427
828 127 -0.39682
887 127 0.0874937
92 128 -0.0370456
128 128 1.4707
186 128 -1.4878
261 128 0.205232
328 128 -3.33121
469 128 0.123126
508 128 0.251682
726 128 -0.312201
778 128 -0.993718
898 128 0.0468482
984 128 -0.00123461
107 129 0.262395
129 129 2.35616
132 129 -0.804023
145 129 0.149611
156 129 -2.15361
197 129 -1.06143
258 129 -1.22643
354 129 -0.254474
368 129 -0.312808
403 129 0.987308
561 129 -0.854549
698 129 0.582468
736 129 0.448429
988 129 -2.03048
992 129 0.333319
24 130 0.209307
67 130 0.00967529
112 130 -0.133434
130 130 1.6748
149 130 0.327088
226 130 -0.0932017
333 130 0.211449
345 130 0.0386832
346 130 1.26042
430 130 1.02681
435 130 0.055189
520 130 -0.0242465
717 130 0.300245
763 130 -1.35867
957 130 -0.018424
0 131 -0.362615
37 131 0.0899447
43 131 0.979937
44 131 -1.34648
67 131 0.0468468
131 131 2.28188
166 131 0.560434
192 131 0.194017
226 131 0.0749157
331 131 0.0588602
500 131 -1.3443
847 131 -0.180539
862 131 -0.105402
885 131 -0.864855
29 132 -0.000266971
107 132 -0.699902
115 132 0.0659743
129 132 -0.804023
132 132 31.286
145 132 -6.42766
146 132 2.15161
197 132 1.62416
350 132 -0.19888
368 132 12.4028
484 132 0.438006
543 132 3.46678
698 132 -17.01
809 132 0.0189316
133 133 2.929
156 133 -0.366755
182 133 0.0538138
310 133 -0.0183991
422 133 5.52572
424 133 0.102017
483 133 -0.0388868
493 133 -0.235615
719 133 -0.619135
736 133 0.0020638
897 133 -0.355317
962 133 -0.356871
95 134 4.16691
123 134 -0.409846
134 134 2.50077
229 134 -1.81468
257 134 0.0169189
286 134 0.220845
518 134 0.0202697
779 134 -0.00141625
784 134 -3.07622
830 134 -1.22837
882 134 0.0146555
51 135 -5.38295
135 135 10.6998
322 135 -0.121336
364 135 4.06908
590 135 0.78079
604 135 -2.17491
715 135 -0.716428
804 135 0.0312546
810 135 -3.36278
926 135 2.87633
48 136 0.589722
102 136 2.17833
136 136 2.70686
189 136 0.889785
192 136 0.250829
311 136 -1.41524
571 136 -0.988384
623 136 0.829818
652 136 0.29246
690 136 2.92884
755 136 -1.97306
967 136 -0.745409
137 137 2.666
238 137 -0.154838
262 137 -1.29818
281 137 0.902434
431 137 -0.244562
491 137 -0.0469599
524 137 0.182003
568 137 -0.194585
753 137 1.27502
806 137 -1.42721
994 137 0.0476098
60 138 -0.431759
113 138 0.0810453
114 138 0.00796241
138 138 1.60337
203 138 0.0928021
237 138 -0.439948
341 138 0.22949
357 138 -0.0829255
405 138 0.449626
560 138 0.221571
611 138 -0.0879098
615 138 0.0807154
929 138 -0.0691159
974 138 1.45691
987 138 -0.9769
991 138 -0.132383
74 139 -0.348818
100 139 0.276059
139 139 1.79431
140 139 -0.60519
178 139 -0.130307
352 139 0.28467
377 139 0.0739538
462 139 -0.111994
470 139 -0.233463
515 139 0.144857
602 139 0.422913
633 139 -0.440983
666 139 -0.717382
710 139 0.037929
844 139 0.197646
919 139 0.126263
920 139 0.222099
978 139 0.182976
74 140 0.114941
100 140 -0.149266
139 140 -0.60519
140 140 1.8685
290 140 -0.21287
415 140 0.0709281
527 140 1.18246
618 140 -0.0694152
633 140 0.0760724
666 140 1.38385
824 140 0.144299
919 140 -0.245033
920 140 -1.27628
942 140 0.0589486
978 140 -0.0199151
78 141 -1.5625
141 141 3.04194
235 141 1.56603
274 141 0.196327
290 141 0.0536653
312 141 0.21921
415 141 -0.217407
509 141 -1.09981
517 141 1.77751
583 141 0.311691
674 141 -0.125481
679 141 -2.91137
744 141 0.362678
931 141 2.16368
71 142 -0.968941
93 142 -0.583391
118 142 0.155128
142 142 2.591
143 142 0.29861
367 142 -0.107121
461 142 -0.70575
572 142 -0.396082
727 142 1.06748
811 142 -0.0101376
825 142 0.310545
876 142 0.484738
948 142 -0.304163
963 142 0.0251543
35 143 -0.561968
61 143 0.557764
90 143 0.0111294
122 143 0.0588406
142 143 0.29861
143 143 1.42141
276 143 0.274526
299 143 -1.28892
486 143 -0.00592637
572 143 -0.907309
612 143 0.157885
727 143 0.0954666
733 143 0.0827716
831 143 0.0409759
879 143 -0.000238804
72 144 -2.80758
98 144 -0.157604
144 144 3.01735
182 144 -0.209521
240 144 1.54536
329 144 1.68493
781 144 -0.423272
938 144 -0.424671
107 145 0.135387
115 145 -0.0127667
129 145 0.149611
132 145 -6.42766
145 145 1.32908
146 145 -0.447012
197 145 -0.291382
350 145 0.0381991
368 145 -2.55111
484 145 -0.0841283
543 145 -0.747905
698 145 3.39045
102 146 0.0415658
132 146 2.15161
145 146 -0.447012
146 146 3.33601
189 146 4.11704
197 146 0.0360613
350 146 -0.0735438
368 146 0.811415
484 146 -2.52073
543 146 0.378308
601 146 -0.0295604
698 146 -0.838486
82 147 -0.746783
91 147 0.36842
147 147 2.48176
184 147 0.575957
238 147 0.184642
262 147 -0.133251
281 147 0.0100057
340 147 -0.31976
355 147 0.965424
431 147 -0.187364
479 147 -2.30377
516 147 -0.0596034
537 147 1.37885
594 147 0.524428
952 147 1.00828
85 148 -0.829428
106 148 -0.00898633
148 148 1.52484
200 148 0.0934085
266 148 -0.437387
342 148 0.00416863
379 148 -0.021091
399 148 0.554242
556 148 -0.666224
688 148 0.045313
777 148 0.25852
837 148 0.154446
24 149 0.10216
67 149 -0.458172
112 149 0.181934
120 149 -1.01372
130 149 0.327088
149 149 1.8707
166 149 -0.473271
345 149 -0.740172
346 149 4.39357
430 149 3.57025
435 149 0.100128
500 149 0.24594
520 149 0.708313
607 149 -0.519774
635 149 1.43131
30 150 -1.65228
150 150 1.56366
339 150 0.151872
347 150 0.0320299
396 150 0.183683
464 150 0.0850907
481 150 0.234078
521 150 -0.474066
525 150 -0.250749
538 150 -0.118829
598 150 -0.43437
603 150 -0.101104
746 150 0.0412428
893 150 0.172367
12 151 -0.279492
88 151 1.04255
117 151 -0.0344739
151 151 1.65493
244 151 -0.635799
265 151 0.0499166
369 151 -0.121091
392 151 0.35338
441 151 -0.416613
532 151 1.39987
533 151 0.238205
947 151 -0.0621503
15 152 0.586589
152 152 3.91852
161 152 -2.51185
191 152 0.396646
420 152 1.01288
628 152 0.509229
664 152 -6.25463
764 152 -0.171309
772 152 1.80121
11 153 -0.991441
13 153 -0.388968
110 153 -0.938365
153 153 6.21983
267 153 0.402324
313 153 -1.24548
436 153 0.0057435
438 153 0.0625731
445 153 -1.42728
495 153 -0.136318
528 153 0.447609
833 153 0.0277771
865 153 -0.0867127
993 153 0.237078
77 154 9.48698
81 154 1.20623
99 154 -0.0801486
154 154 12.8902
286 154 0.110503
413 154 0.773635
523 154 5.84884
668 154 -3.99141
752 154 0.21767
793 154 -0.609169
829 154 -0.498903
866 154 -13.2023
109 155 1.056
155 155 18.9971
179 155 0.115665
204 155 -6.17943
219 155 -23.2918
265 155 0.390074
423 155 -0.83046
433 155 0.44011
485 155 0.270541
548 155 -0.225768
619 155 5.45222
655 155 -0.104811
927 155 7.67872
129 156 -2.15361
133 156 -0.366755
156 156 29.5104
182 156 -0.349071
258 156 5.71372
354 156 -0.491305
403 156 2.68516
424 156 -6.03755
483 156 1.51827
561 156 6.2145
719 156 -0.555437
736 156 -4.77111
832 156 -0.740537
897 156 2.20722
988 156 4.87123
992 156 -4.22616
64 157 -1.93268
157 157 12.9202
216 157 -5.208
234 157 0.309717
269 157 -0.634962
401 157 5.56656
514 157 -4.67207
548 157 1.01927
645 157 -0.851232
656 157 0.295117
687 157 10.3596
822 157 0.292496
894 157 -0.0161432
966 157 1.24508
42 158 0.450358
158 158 12.5155
297 158 1.37067
367 158 0.612535
409 158 -0.234674
437 158 0.33919
459 158 2.77353
471 158 -1.03918
498 158 -2.00473
671 158 -0.56442
696 158 0.0956593
705 158 -7.54772
825 158 1.17916
124 159 -0.24757
159 159 9.46819
386 159 2.29293
473 159 -2.40189
757 159 0.419469
780 159 0.976082
996 159 -4.50535
42 160 1.11007
160 160 6.6575
264 160 0.783718
297 160 -0.917076
367 160 0.733359
492 160 0.477858
574 160 0.487208
720 160 0.0618402
730 160 -3.89548
819 160 -2.12634
15 161 -0.260907
152 161 -2.51185
161 161 1.83341
162 161 -0.242303
191 161 -0.250158
420 161 -0.931011
489 161 0.104445
628 161 -0.0611688
642 161 0.0531111
664 161 3.9952
764 161 0.108041
772 161 -1.28106
838 161 0.0513518
906 161 0.303322
161 162 -0.242303
162 162 1.51667
312 162 0.0342239
489 162 -0.926923
554 162 0.139502
583 162 -0.0836655
642 162 -0.144657
685 162 0.0196417
704 162 0.0769751
740 162 0.0311924
795 162 -0.323745
838 162 -0.329938
906 162 -1.3056
27 163 -0.283757
108 163 -0.117156
163 163 1.54337
172 163 -0.36081
198 163 -0.136452
223 163 0.161541
255 163 -1.36645
378 163 -0.104002
388 163 0.177723
406 163 -0.00185654
612 163 0.0119541
616 163 0.0636147
788 163 -0.1373
856 163 -0.0419018
922 163 -1.47919
941 163 0.0146387
973 163 -0.00871744
164 164 2.04064
180 164 3.70149
338 164 -2.49221
636 164 0.713972
663 164 -0.106248
686 164 0.888474
963 164 -1.93777
983 164 -0.438585
62 165 -0.207089
124 165 -0.24008
165 165 15.4354
205 165 4.24848
284 165 2.56861
471 165 -0.0390555
497 165 0.398465
577 165 2.16142
671 165 -0.444355
750 165 -4.31877
956 165 0.492884
977 165 -0.521343
24 166 -0.533443
43 166 0.472163
44 166 -1.17729
67 166 -0.031242
131 166 0.560434
149 166 -0.473271
166 166 2.16299
226 166 -0.13165
305 166 0.168501
310 166 0.0303747
331 166 -0.103435
346 166 -0.882011
430 166 -0.745298
500 166 -0.072161
520 166 -0.0842986
541 166 0.0283887
607 166 -0.072825
635 166 -0.218641
847 166 -0.843856
167 167 8.26885
174 167 0.499783
207 167 -3.15102
233 167 1.43563
309 167 -0.19173
382 167 2.40253
688 167 0.566841
721 167 1.17525
834 167 -0.105309
923 167 -2.387
935 167 0.0540292
995 167 2.83569
76 168 0.00103711
119 168 -5.08123
168 168 13.5748
369 168 0.985014
441 168 -1.04276
557 168 2.45307
570 168 0.614281
597 168 3.13394
706 168 4.33077
766 168 1.2643
169 169 1.56643
209 169 0.119476
300 169 0.0572875
429 169 -0.61116
553 169 0.40929
558 169 -2.42669
622 169 -2.63461
709 169 -2.02958
770 169 0.199917
924 169 0.211263
953 169 -2.10022
46 170 -0.308201
94 170 0.124795
170 170 1.29642
213 170 0.0658387
218 170 0.261029
235 170 0.134222
245 170 0.171194
278 170 -0.0509184
527 170 0.499956
711 170 0.410321
724 170 0.216106
920 170 0.0866613
945 170 -0.660292
36 171 -0.662683
62 171 0.111879
171 171 3.17007
194 171 -0.510651
284 171 0.720558
317 171 1.3608
375 171 -1.37342
481 171 0.799737
521 171 1.01831
577 171 -0.935337
718 171 0.421051
746 171 0.167789
750 171 1.55177
848 171 -0.346112
849 171 -1.15352
939 171 1.12776
998 171 1.00112
27 172 -0.708876
163 172 -0.36081
172 172 1.65781
198 172 -0.149216
223 172 0.178275
255 172 2.60446
293 172 0.446693
388 172 -0.113026
406 172 -0.0445666
612 172 0.00338614
922 172 0.470615
81 173 -0.141954
99 173 -0.0054678
173 173 1.69945
212 173 -0.486966
221 173 -2.37824
293 173 0.0062776
378 173 -0.0570718
408 173 7.94133
523 173 0.057342
681 173 -0.62287
752 173 0.0563566
829 173 0.0255337
856 173 -0.00293273
970 173 2.1431
167 174 0.499783
174 174 2.47525
207 174 -4.89695
233 174 4.44147
309 174 -1.4674
382 174 -6.71515
672 174 -1.28831
721 174 0.180307
923 174 -0.584229
995 174 7.30745
108 175 0.955792
123 175 -0.695904
175 175 1.33564
257 175 0.357675
293 175 -0.104712
378 175 0.169854
443 175 0.226182
513 175 -0.960125
788 175 0.0750022
796 175 -0.0622387
856 175 0.105304
941 175 -0.0231777
973 175 -0.100893
54 176 0.00707708
105 176 -0.280556
125 176 -1.72086
176 176 1.80189
360 176 -0.0233734
362 176 -0.186973
578 176 0.805651
588 176 0.396548
631 176 -2.08481
669 176 -0.0426313
675 176 -0.0350758
785 176 1.1404
860 176 0.348693
36 177 -0.567953
177 177 1.64774
308 177 -0.993998
375 177 -1.50618
412 177 0.238314
478 177 -9.23479e-005
481 177 0.0916095
521 177 -0.199096
550 177 -0.0245949
651 177 0.00456851
746 177 0.22277
846 177 0.054573
849 177 0.26452
852 177 -0.0613267
74 178 -1.60341
139 178 -0.130307
178 178 8.56456
288 178 4.90225
320 178 0.841869
515 178 -3.4597
602 178 1.52471
633 178 1.22812
710 178 1.19208
729 178 -4.67786
812 178 0.557189
845 178 -0.816207
921 178 -0.0221113
978 178 0.277808
155 179 0.115665
179 179 2.50509
423 179 -0.581036
433 179 8.02696
485 179 5.34063
655 179 -2.25727
776 179 -1.04922
164 180 3.70149
180 180 8.01477
338 180 -4.45041
636 180 0.729001
663 180 0.0065618
686 180 -2.3287
963 180 -4.26271
983 180 -0.299694
181 181 3.56508
272 181 0.00710345
326 181 -1.3954
393 181 3.76042
782 181 -1.26069
933 181 -0.801228
72 182 0.0461635
133 182 0.0538138
144 182 -0.209521
156 182 -0.349071
182 182 1.34948
329 182 -0.589762
424 182 0.304951
637 182 0.0304545
719 182 0.25596
781 182 0.130129
791 182 0.0318092
897 182 -0.880864
938 182 -0.164058
19 183 -2.13554
25 183 -1.84396
183 183 3.40024
206 183 0.632557
374 183 0.478457
503 183 -0.00419578
586 183 0.296248
725 183 -0.346793
738 183 -1.2871
870 183 -1.50829
892 183 -0.892456
971 183 0.898791
82 184 -0.428724
91 184 0.330271
147 184 0.575957
184 184 1.87419
230 184 -1.00859
238 184 0.222758
340 184 -1.27718
355 184 -1.16374
390 184 -0.482573
479 184 -0.354686
516 184 0.0463258
537 184 0.168881
594 184 0.532055
693 184 0.0412993
794 184 0.148315
952 184 -0.0487232
15 185 0.238767
19 185 -0.015319
185 185 3.20554
199 185 0.0367936
215 185 0.0071926
289 185 0.825353
489 185 0.182123
501 185 -0.0407964
554 185 -2.57896
581 185 -2.63588
692 185 -1.97004
900 185 -0.0216019
92 186 0.253919
128 186 -1.4878
186 186 4.84604
208 186 -0.922697
261 186 -1.59433
328 186 5.45564
508 186 -1.02312
579 186 0.949371
620 186 -1.35124
707 186 -0.119981
726 186 1.4229
778 186 1.36645
898 186 -0.337267
907 186 0.135245
968 186 1.58117
984 186 0.37589
37 187 -1.89711
43 187 0.131898
187 187 1.41639
224 187 0.145598
226 187 0.034491
318 187 -0.00202617
331 187 -1.71956
435 187 0.0769213
585 187 0.210199
617 187 0.106725
641 187 -0.276126
684 187 -0.344997
717 187 -0.0330275
957 187 -0.946583
188 188 4.00654
248 188 0.0657561
337 188 0.515728
353 188 0.618162
442 188 -0.21712
595 188 -0.103857
629 188 -1.85783
731 188 1.33486
754 188 -5.89986
790 188 0.0561537
807 188 0.533265
808 188 -1.88186
820 188 1.23349
990 188 -0.38289
