0 862 0.00358331
0 344 0.0058751
0 224 0.0124557
0 43 0.013354
0 885 0.0136846
0 641 0.0140915
0 318 0.0149315
0 80 0.0191411
0 37 0.019626
0 187 0.0203439
1 703 0.00567406
1 499 0.0102529
1 805 0.0127204
1 639 0.0146309
1 450 0.0147998
1 645 0.0155037
1 373 0.0166411
1 940 0.0166804
1 791 0.0167367
1 234 0.018079
2 867 0.0058669
2 472 0.0102939
2 972 0.0105086
2 380 0.0127257
2 601 0.0128065
2 759 0.0152622
2 274 0.0185481
2 583 0.0200055
2 908 0.0201249
2 704 0.0215883
3 397 0.000432393
3 319 0.00221909
3 277 0.00577239
3 443 0.00841252
3 323 0.0107544
3 47 0.0117723
3 749 0.0130491
3 623 0.0131375
3 123 0.0146396
3 427 0.014703
4 840 0.00501577
4 827 0.00810424
4 865 0.0109031
4 38 0.0119498
4 438 0.0129892
4 775 0.0166702
4 110 0.0218677
4 267 0.0245044
4 439 0.0280383
4 694 0.0281864
5 732 0.0032354
5 876 0.00898339
5 751 0.0117861
5 492 0.0124139
5 616 0.0129816
5 948 0.0150008
5 461 0.016265
5 790 0.0165123
5 981 0.0174098
5 720 0.0184647
6 563 0.006213
6 222 0.00893871
6 569 0.00945658
6 985 0.0104823
6 940 0.0113833
6 858 0.013217
6 699 0.0147167
6 526 0.015968
6 499 0.0178282
6 813 0.0188823
7 361 0.00490745
7 97 0.00833828
7 928 0.00902167
7 437 0.00979697
7 79 0.0125709
7 696 0.0150353
7 657 0.01524
7 630 0.0172464
7 550 0.0185685
7 446 0.0194269
8 547 0.0028044
8 695 0.00303588
8 419 0.00657434
8 961 0.00957553
8 716 0.0108987
8 803 0.0137447
8 68 0.0168036
8 682 0.0175758
8 877 0.0200155
8 181 0.0219775
9 982 0.00159429
9 113 0.00199936
9 689 0.00539645
9 843 0.00843088
9 634 0.00968861
9 60 0.0115817
9 241 0.012927
9 902 0.0167671
9 901 0.0174513
9 743 0.0196268
10 446 0.00198694
10 325 0.00329223
10 451 0.00816637
10 630 0.00857785
10 190 0.00868793
10 465 0.00999613
10 507 0.0143864
10 787 0.0171771
10 657 0.0185797
10 327 0.0188939
11 110 0.00613474
11 742 0.00748556
11 495 0.00824391
11 775 0.008786
11 313 0.0110123
11 370 0.0157018
11 267 0.0192655
11 840 0.0195712
11 438 0.0231828
11 884 0.0260211
12 265 0.00116493
12 151 0.00638888
12 392 0.0118926
12 532 0.0165633
12 947 0.0197494
12 204 0.0216697
12 441 0.0225774
12 369 0.0235413
12 619 0.0240792
12 433 0.0295363
13 285 0.00304906
13 436 0.00453643
13 590 0.0104316
13 445 0.0108011
13 206 0.0127361
13 404 0.016978
13 511 0.0174219
13 795 0.0214256
13 760 0.0220648
13 551 0.0236073
14 411 0.00147864
14 789 0.00156798
14 792 0.00228311
14 465 0.00364541
14 507 0.00378982
14 228 0.0038504
14 799 0.00609627
14 325 0.0116315
14 787 0.0117879
14 466 0.0134756
15 740 0.0171881
15 549 0.0174367
15 152 0.0191028
15 554 0.0198812
15 489 0.0200559
15 425 0.0242365
15 289 0.0260848
15 664 0.0284805
15 555 0.0291342
15 692 0.0302433
16 617 0.00121508
16 585 0.00242797
16 684 0.00739437
16 224 0.00769775
16 641 0.00938818
16 80 0.01114
16 765 0.0130559
16 417 0.0138915
16 39 0.0147965
16 878 0.0192661
17 748 0.00738438
17 582 0.0101186
17 875 0.0103226
17 63 0.0147332
17 195 0.0165538
17 410 0.0169002
17 854 0.0173627
17 881 0.018914
17 474 0.0198569
17 794 0.0212441
18 728 9.52207e-05
18 413 0.00325113
18 841 0.00818426
18 694 0.010023
18 668 0.0118387
18 99 0.0121641
18 77 0.0124422
18 523 0.0127756
18 866 0.0128789
18 439 0.0138768
19 183 0.00304474
19 971 0.0046499
19 199 0.00965378
19 892 0.0097088
19 738 0.0102406
19 206 0.0112678
19 725 0.0126526
19 797 0.0130096
19 900 0.0130288
19 870 0.0136944
20 358 0.00857583
20 814 0.00938255
20 671 0.0136278
20 946 0.0142165
20 730 0.025024
20 124 0.025213
20 386 0.0287743
20 647 0.0290528
20 287 0.0294184
20 165 0.0295019
21 955 0.00128721
21 932 0.0044766
21 608 0.00648493
21 231 0.00795525
21 812 0.00796263
21 450 0.0111625
21 639 0.0155486
21 41 0.0163153
21 729 0.0170596
21 706 0.0197716
22 884 0.00417083
22 596 0.00745967
22 45 0.00981628
22 503 0.0136715
22 621 0.0151044
22 58 0.0164046
22 683 0.020091
22 330 0.0203405
22 802 0.0227155
22 892 0.0293401
23 421 0.00498408
23 385 0.00609021
23 88 0.0153889
23 356 0.0166464
23 202 0.0170418
23 252 0.0191484
23 109 0.0200983
23 343 0.0210182
23 533 0.021747
23 670 0.0227322
24 130 0.0021394
24 435 0.00403378
24 149 0.00806712
24 346 0.00882844
24 226 0.00981275
24 112 0.0124917
24 430 0.0128224
24 763 0.0160695
24 67 0.016366
24 957 0.0188423
25 586 0.00584723
25 971 0.00589879
25 738 0.00636863
25 374 0.0093713
25 725 0.00968002
25 782 0.0126099
25 476 0.0142172
25 181 0.014776
25 406 0.0153444
25 183 0.0159498
26 496 0.00414351
26 714 0.00650549
26 855 0.013011
26 232 0.0134128
26 294 0.0151773
26 857 0.0201157
26 528 0.0212901
26 593 0.021304
26 904 0.0222774
26 804 0.023348
27 293 0.00457124
27 198 0.00557978
27 172 0.0058636
27 255 0.00622129
27 406 0.00697191
27 223 0.00869641
27 246 0.00871123
27 973 0.0117694
27 163 0.0163559
27 970 0.0181962
28 127 0.00800467
28 813 0.0119575
28 700 0.012499
28 398 0.0137647
28 637 0.0196197
28 428 0.0207466
28 745 0.0243085
28 526 0.0249286
28 828 0.031094
28 864 0.0335669
29 350 0.00134896
29 809 0.00203434
29 543 0.00919176
29 245 0.0110306
29 960 0.0123317
29 132 0.0124818
29 268 0.0134158
29 908 0.0144243
29 756 0.0145786
29 85 0.0208151
30 598 0.00596293
30 339 0.00920264
30 444 0.0158914
30 150 0.0181833
30 78 0.0197072
30 744 0.0214847
30 538 0.0224965
30 321 0.0253167
30 347 0.0253483
30 525 0.0260373
31 248 0.0020686
31 250 0.00724134
31 741 0.00930036
31 731 0.0151423
31 646 0.0185768
31 442 0.0186098
31 793 0.0195659
31 291 0.0215799
31 188 0.021604
31 460 0.0265868
32 296 0.00263239
32 761 0.00272392
32 800 0.00341962
32 943 0.00456877
32 106 0.0048384
32 680 0.00737899
32 448 0.00837125
32 342 0.0086999
32 379 0.0106203
32 414 0.0112449
33 480 0.000534794
33 531 0.00964985
33 589 0.0108269
33 89 0.0117768
33 579 0.0125074
33 826 0.0173927
33 261 0.0184559
33 39 0.0186224
33 839 0.0195651
33 209 0.0203181
34 573 0.0047292
34 904 0.0113263
34 673 0.012336
34 678 0.0134172
34 232 0.0214046
34 440 0.0223356
34 764 0.0244385
34 420 0.0301157
34 677 0.0314317
34 857 0.0353222
35 276 0.00400863
35 143 0.00964381
35 90 0.0102888
35 733 0.0121314
35 977 0.0125663
35 122 0.014525
35 61 0.0152183
35 956 0.0164899
35 879 0.0169625
35 831 0.0193058
36 746 0.00364645
36 550 0.00473545
36 177 0.0101139
36 849 0.0105859
36 521 0.0151504
36 481 0.0155156
36 665 0.0176679
36 846 0.0179196
36 449 0.0179201
36 308 0.0185126
37 187 0.00160152
37 43 0.00643313
37 957 0.00699901
37 226 0.00749282
37 500 0.00922736
37 331 0.00998064
37 435 0.0133157
37 44 0.0134734
37 641 0.018172
37 862 0.0184041
38 827 0.00799772
38 512 0.0081589
38 4 0.0119498
38 372 0.0122933
38 338 0.0139004
38 958 0.0183344
38 636 0.0200341
38 439 0.0240289
38 983 0.0248179
38 164 0.0253502
39 89 0.00388581
39 80 0.00391462
39 878 0.00541092
39 839 0.00543661
39 826 0.0134353
39 16 0.0147965
39 617 0.0162371
39 33 0.0186224
39 765 0.0203951
39 480 0.0226165
40 958 0.00311905
40 512 0.010074
40 335 0.0137969
40 983 0.0157016
40 372 0.0185189
40 879 0.0282446
40 565 0.0288272
40 636 0.0301261
40 38 0.0310259
40 715 0.0335138
41 225 0.00748069
41 812 0.00981088
41 231 0.011311
41 21 0.0163153
41 268 0.0184969
41 805 0.0185151
41 724 0.0217099
41 74 0.0227733
41 955 0.0252868
41 654 0.025391
42 297 0.0032055
42 574 0.0032653
42 160 0.00344698
42 819 0.00516938
42 367 0.00548453
42 730 0.00996897
42 705 0.0113943
42 264 0.0159818
42 925 0.0166386
42 459 0.0187604
43 44 0.00229539
43 37 0.00643313
43 500 0.00765
43 862 0.00778249
43 131 0.00881787
43 226 0.0117707
43 166 0.0122335
43 187 0.0128841
43 0 0.013354
43 847 0.0156026
44 43 0.00229539
44 166 0.00476449
44 131 0.0052141
44 500 0.00644491
44 226 0.0115706
44 847 0.012196
44 37 0.0134734
44 862 0.0148593
44 885 0.0167371
44 305 0.0176374
45 22 0.00981628
45 884 0.0139188
45 330 0.027336
45 503 0.0305412
45 596 0.0320381
45 683 0.0343406
45 593 0.0372909
45 621 0.0428233
45 58 0.0430677
45 452 0.0462636
46 527 0.00409309
46 213 0.00737054
46 235 0.00763498
46 170 0.00764227
46 278 0.00830938
46 920 0.013854
46 415 0.0170192
46 464 0.0189994
46 140 0.0194844
46 724 0.0234567
47 323 0.00129116
47 277 0.00253996
47 246 0.00270932
47 397 0.00803065
47 68 0.00860323
47 326 0.0114275
47 3 0.0117723
47 749 0.0138289
47 27 0.0201643
47 181 0.0201757
48 880 0.0120675
48 519 0.0123969
48 539 0.0129368
48 311 0.0141098
48 387 0.0148084
48 826 0.0152314
48 493 0.0169729
48 959 0.0177372
48 295 0.0180827
48 192 0.0191153
49 280 0.00460652
49 545 0.00850247
49 946 0.00993023
49 287 0.0156489
49 606 0.0170544
49 264 0.0171618
49 814 0.0183012
49 734 0.0206793
49 453 0.021059
49 647 0.0272224
50 930 0.00340144
50 626 0.00568291
50 587 0.00937991
50 928 0.00943102
50 158 0.0200159
50 56 0.0231738
50 327 0.0248189
50 757 0.0260545
50 297 0.0263405
50 315 0.0275976
51 135 0.00206586
51 364 0.00614423
51 804 0.0100899
51 604 0.0115699
51 590 0.0138746
51 855 0.0199366
51 714 0.0229356
51 715 0.0230012
51 232 0.0271821
51 678 0.0285186
52 917 0.00266797
52 260 0.00405346
52 273 0.004557
52 65 0.00611741
52 544 0.00661538
52 256 0.0102464
52 227 0.011836
52 536 0.0120203
52 243 0.0143719
52 341 0.0192865
53 599 0.000192811
53 376 0.00185742
53 744 0.00528523
53 969 0.00564209
53 444 0.00873588
53 976 0.013375
53 196 0.0142941
53 415 0.0143134
53 679 0.0172831
53 304 0.0183581
54 360 0.00235749
54 675 0.00306068
54 253 0.0037312
54 578 0.0101871
54 393 0.0125167
54 836 0.0129105
54 125 0.013206
54 114 0.0133586
54 912 0.0135243
54 326 0.0150208
55 214 0.000735888
55 236 0.00337124
55 905 0.00388905
55 447 0.00395825
55 915 0.00500945
55 365 0.00623706
55 925 0.00990348
55 659 0.0122647
55 819 0.0128215
55 118 0.0151176
56 676 0.00508477
56 468 0.00900192
56 626 0.0092525
56 853 0.00974347
56 194 0.0119968
56 928 0.0148206
56 211 0.0172944
56 363 0.0185087
56 546 0.0185657
56 7 0.0221149
57 217 0.00581506
57 69 0.00630266
57 680 0.0075508
57 488 0.0167295
57 800 0.0176398
57 32 0.0212182
57 943 0.0263347
57 448 0.0277828
57 761 0.0283543
57 944 0.0297236
58 621 0.00214653
58 596 0.00372611
58 802 0.00470852
58 691 0.00577656
58 193 0.0127935
58 22 0.0164046
58 683 0.0177936
58 701 0.0187188
58 502 0.0193583
58 330 0.0195088
59 417 0.0142748
59 990 0.0153899
59 911 0.0158005
59 808 0.0160811
59 585 0.0168233
59 820 0.0171185
59 224 0.0187146
59 713 0.0208781
59 559 0.0208917
59 318 0.0227792
60 113 0.00419118
60 138 0.00773461
60 241 0.0102485
60 114 0.0107541
60 9 0.0115817
60 982 0.0138103
60 987 0.014277
60 873 0.017198
60 341 0.0174296
60 237 0.0191103
61 486 0.00348029
61 276 0.0102789
61 143 0.0128914
61 35 0.0152183
61 827 0.0168825
61 922 0.0185994
61 833 0.0192502
61 572 0.0210914
61 142 0.0236274
61 733 0.0244504
62 171 0.00311564
62 577 0.00318971
62 194 0.00440349
62 750 0.00676204
62 481 0.00986354
62 284 0.0106184
62 998 0.0112966
62 676 0.0122295
62 746 0.0143701
62 939 0.0166874
63 506 0.00195931
63 410 0.00274038
63 475 0.0046628
63 474 0.00673969
63 431 0.00852053
63 568 0.0110449
63 952 0.0112721
63 524 0.0121395
63 806 0.0131563
63 17 0.0147332
64 687 0.00310606
64 401 0.00334712
64 157 0.00336114
64 894 0.00384
64 822 0.00462436
64 216 0.00586787
64 645 0.00724162
64 234 0.0106386
64 514 0.0117827
64 913 0.013066
65 544 0.0057431
65 273 0.00594993
65 52 0.00611741
65 536 0.00620807
65 691 0.00761572
65 260 0.0109758
65 917 0.0118778
65 256 0.0144356
65 502 0.0167562
65 901 0.0197886
66 851 0.00300451
66 76 0.00535264
66 263 0.00561072
66 729 0.010561
66 557 0.0111384
66 609 0.0184889
66 710 0.0186018
66 168 0.0195856
66 570 0.0197855
66 515 0.020905
67 520 0.00263176
67 112 0.00341692
67 149 0.00570262
67 500 0.00783524
67 345 0.00867647
67 226 0.00954391
67 435 0.0123036
67 166 0.0148852
67 333 0.0157006
67 24 0.016366
68 803 0.00569464
68 246 0.00602318
68 47 0.00860323
68 682 0.0091775
68 323 0.00942146
68 859 0.0109484
68 326 0.0149529
68 181 0.0157379
68 8 0.0168036
68 277 0.0180658
69 217 0.000276518
69 57 0.00630266
69 680 0.0125795
69 800 0.0152902
69 307 0.0156893
69 488 0.0157141
69 407 0.0159808
69 32 0.0176502
69 761 0.0203542
69 389 0.0241509
70 708 0.00276637
70 400 0.00390112
70 474 0.00804761
70 817 0.00876252
70 458 0.0100757
70 104 0.0152637
70 390 0.0160425
70 355 0.0188415
70 184 0.0189946
70 63 0.0195192
71 876 0.00615754
71 825 0.00994198
71 409 0.0102156
71 461 0.0134289
71 751 0.0159979
71 732 0.016081
71 388 0.0161439
71 616 0.0162877
71 299 0.0169885
71 163 0.0186712
72 329 0.00141428
72 144 0.00339588
72 182 0.00366093
72 938 0.006398
72 781 0.00716845
72 897 0.0127278
72 240 0.0140683
72 637 0.0183532
72 424 0.0187962
72 98 0.0201625
73 463 0.00554864
73 649 0.0111488
73 220 0.0113309
73 552 0.0141454
73 872 0.0191982
73 416 0.0224977
73 824 0.0239543
73 874 0.0263038
73 772 0.028499
73 628 0.0296425
74 178 0.00120561
74 812 0.00540086
74 633 0.00747489
74 139 0.0107834
74 710 0.0108268
74 515 0.0115169
74 288 0.0117523
74 225 0.0134176
74 666 0.0139156
74 729 0.0156608
75 792 0.00787417
75 847 0.0102757
75 787 0.0102981
75 411 0.011178
75 190 0.0139279
75 465 0.0172009
75 14 0.0178298
75 325 0.0209113
75 228 0.0267587
75 43 0.0271183
76 729 0.00411559
76 66 0.00535264
76 557 0.00625736
76 168 0.00739763
76 570 0.00758742
76 706 0.00806118
76 851 0.00856284
76 710 0.0121159
76 597 0.0123505
76 608 0.0151861
77 668 0.00134168
77 866 0.00297628
77 523 0.00603064
77 154 0.00646331
77 413 0.00836398
77 829 0.0119427
77 18 0.0124422
77 728 0.0125139
77 81 0.0174752
77 790 0.0207902
78 509 0.00386287
78 517 0.00491622
78 674 0.0069755
78 141 0.0072207
78 598 0.00772744
78 274 0.00829488
78 931 0.0112473
78 679 0.0115657
78 126 0.0152377
78 747 0.0177055
79 657 0.00244696
79 630 0.00260808
79 315 0.00407877
79 327 0.00566074
79 451 0.00875134
79 97 0.00882764
79 498 0.00913351
79 101 0.0100232
79 625 0.0108303
79 981 0.0117117
80 39 0.00391462
80 617 0.00986528
80 89 0.0109541
80 878 0.0110737
80 16 0.01114
80 224 0.0158718
80 826 0.0169223
80 839 0.0172414
80 0 0.0191411
80 641 0.0205282
81 523 0.00337955
81 752 0.00519987
81 829 0.00624934
81 99 0.00683556
81 154 0.00704789
81 173 0.00968453
81 668 0.00972729
81 212 0.0134974
81 221 0.0136916
81 77 0.0174752
82 238 0.00371509
82 516 0.00409716
82 147 0.00789343
82 184 0.0087338
82 594 0.00896325
82 340 0.00958254
82 91 0.00972008
82 952 0.0176176
82 249 0.0192064
82 355 0.0194056
83 799 0.00213323
83 302 0.00396008
83 507 0.00869449
83 411 0.0133466
83 789 0.0143553
83 201 0.0144033
83 14 0.0149235
83 407 0.0163946
83 389 0.0171207
83 792 0.0202032
84 101 0.00495622
84 559 0.00695804
84 720 0.00728749
84 366 0.00880176
84 624 0.00921311
84 713 0.0107765
84 819 0.014129
84 315 0.0160238
84 297 0.0174211
84 498 0.017492
85 399 0.00129525
85 837 0.00935241
85 148 0.0096449
85 200 0.0105909
85 457 0.0135314
85 756 0.0150899
85 373 0.0162759
85 887 0.0166516
85 809 0.0172072
85 832 0.019815
86 434 0.000454736
86 656 0.00565055
86 584 0.0116766
86 798 0.0136479
86 96 0.0152947
86 303 0.0170453
86 254 0.0174374
86 975 0.018565
86 269 0.018734
86 216 0.0205032
87 739 0.00370912
87 997 0.00472131
87 494 0.00679823
87 600 0.00822629
87 801 0.011022
87 427 0.0153538
87 667 0.0154847
87 989 0.018235
87 589 0.0190151
87 648 0.0237996
88 533 0.00401701
88 421 0.00510156
88 244 0.0056617
88 391 0.00971923
88 356 0.0115597
88 385 0.0130689
88 670 0.0147807
88 23 0.0153889
88 369 0.0158904
88 151 0.0189321
89 39 0.00388581
89 826 0.00448719
89 878 0.00605587
89 839 0.00792615
89 80 0.0109541
89 531 0.0115985
89 33 0.0117768
89 387 0.0127701
89 480 0.0131984
89 443 0.0194285
90 869 0.00347271
90 879 0.00431654
90 35 0.0102888
90 565 0.0150333
90 956 0.0180955
90 512 0.0195378
90 663 0.0209522
90 276 0.0224135
90 372 0.025332
90 977 0.028706
91 516 0.00247511
91 614 0.00433997
91 890 0.00601136
91 82 0.00972008
91 249 0.0104986
91 340 0.0123239
91 863 0.0130046
91 780 0.0140495
91 238 0.0197135
91 594 0.0198995
92 898 0.00142609
92 778 0.00395036
92 508 0.00477026
92 726 0.00731695
92 818 0.0100951
92 530 0.0104117
92 469 0.0134
92 128 0.0184308
92 275 0.0193955
92 186 0.0255721
93 118 0.00582862
93 727 0.00667778
93 915 0.00896911
93 811 0.00981575
93 572 0.0101934
93 963 0.0105682
93 142 0.011474
93 367 0.0151087
93 948 0.0158111
93 574 0.0164486
94 861 0.00337782
94 702 0.00448939
94 916 0.00834221
94 278 0.00957338
94 213 0.0107381
94 854 0.0111072
94 937 0.0114465
94 292 0.0136687
94 170 0.0141569
94 881 0.014931
95 134 0.00337887
95 784 0.00354198
95 830 0.00412454
95 229 0.00494789
95 123 0.00996119
95 257 0.0147861
95 513 0.0163794
95 286 0.0170007
95 779 0.0191099
95 443 0.0192324
96 640 0.00378735
96 254 0.00521013
96 776 0.00865068
96 343 0.0120533
96 434 0.0121345
96 986 0.0125361
96 179 0.0142409
96 86 0.0152947
96 656 0.0158885
96 655 0.0183653
97 657 0.00410564
97 625 0.00542582
97 437 0.00616014
97 451 0.00660875
97 7 0.00833828
97 79 0.00882764
97 899 0.00904286
97 630 0.00966847
97 446 0.0115629
97 409 0.0118343
98 964 0.00278015
98 240 0.00399309
98 424 0.00457822
98 959 0.00473566
98 880 0.00519478
98 938 0.00583711
98 913 0.00766033
98 992 0.00806974
98 354 0.0100041
98 897 0.0102973
99 752 0.000803193
99 523 0.00636752
99 81 0.00683556
99 694 0.00727294
99 681 0.00907776
99 728 0.0118312
99 18 0.0121641
99 841 0.0134685
99 668 0.013868
99 408 0.0142795
100 618 0.00502799
100 666 0.00830317
100 942 0.00883328
100 504 0.0105532
100 978 0.0110326
100 462 0.0135475
100 609 0.0150345
100 633 0.0171877
100 314 0.0179579
100 140 0.0181432
101 315 0.00397314
101 84 0.00495622
101 327 0.00725792
101 587 0.00923204
101 79 0.0100232
101 366 0.0113042
101 498 0.0129015
101 624 0.0147963
101 459 0.0151811
101 297 0.0152091
102 967 0.00171568
102 623 0.00544737
102 189 0.00558082
102 652 0.00654353
102 136 0.0068404
102 690 0.0080758
102 571 0.0108631
102 484 0.0144956
102 755 0.0157204
102 146 0.0166125
103 399 0.0194213
103 450 0.0211629
103 222 0.02166
103 563 0.0223913
103 428 0.0260273
103 457 0.0263435
103 828 0.0288709
103 85 0.0298209
103 41 0.0333707
103 21 0.0333971
104 708 0.00670118
104 458 0.00681219
104 817 0.0133344
104 400 0.0135201
104 70 0.0152637
104 390 0.016273
104 474 0.035495
104 582 0.045101
104 488 0.046644
104 184 0.0478629
105 986 0.010233
105 640 0.0105253
105 343 0.0172183
105 631 0.0198714
105 96 0.0207039
105 588 0.0223156
105 252 0.0224918
105 669 0.0235611
105 362 0.0236312
105 860 0.0247302
106 296 0.000679698
106 414 0.00364727
106 556 0.0042511
106 32 0.0048384
106 943 0.0062193
106 761 0.00627867
106 448 0.00649801
106 944 0.00795248
106 800 0.0132326
106 680 0.0148988
107 192 0.00510817
107 197 0.00799373
107 698 0.00931633
107 571 0.0116932
107 129 0.0131469
107 295 0.0142428
107 145 0.0142719
107 885 0.015289
107 368 0.0168758
107 131 0.0186928
108 941 0.00170461
108 175 0.00445138
108 513 0.00683887
108 788 0.0101613
108 378 0.0124269
108 856 0.0125288
108 616 0.0129915
108 973 0.0135688
108 123 0.0151528
108 388 0.0157981
109 927 0.00705396
109 529 0.00761415
109 155 0.0122456
109 535 0.0145995
109 204 0.0149776
109 619 0.0158681
109 703 0.0173142
109 421 0.0186437
109 656 0.0199198
109 23 0.0200983
110 775 0.00263234
110 11 0.00613474
110 840 0.00713004
110 495 0.0105968
110 742 0.0146456
110 438 0.0146837
110 370 0.0159535
110 870 0.0168697
110 865 0.017583
110 267 0.0180403
111 835 0.00405838
111 396 0.00768653
111 848 0.0162121
111 998 0.020519
111 454 0.0206345
111 939 0.0215181
111 718 0.0236354
111 30 0.028251
111 605 0.0287043
111 521 0.0302244
112 67 0.00341692
112 333 0.0047694
112 345 0.0079169
112 130 0.00866775
112 520 0.00947041
112 435 0.00959019
112 149 0.0102968
112 717 0.0122997
112 24 0.0124917
112 763 0.0125999
113 9 0.00199936
113 982 0.0038824
113 60 0.00419118
113 241 0.00930694
113 689 0.0121237
113 843 0.0122946
113 901 0.0167007
113 634 0.0180211
113 873 0.0202896
113 138 0.0220509
114 836 0.00715653
114 873 0.00918229
114 253 0.0100541
114 60 0.0107541
114 241 0.0128893
114 54 0.0133586
114 611 0.014576
114 227 0.0148481
114 138 0.0154113
114 341 0.0156989
115 571 0.00818334
115 316 0.00957467
115 368 0.0107638
115 651 0.0111883
115 652 0.0121062
115 478 0.0131035
115 698 0.0144276
115 412 0.0154717
115 189 0.0162417
115 145 0.0165367
116 196 0.00514721
116 283 0.00715363
116 893 0.0104428
116 321 0.0109384
116 464 0.0135612
116 525 0.0220959
116 347 0.0222715
116 603 0.0232778
116 339 0.0239654
116 744 0.0275349
117 639 0.00657023
117 699 0.00765338
117 244 0.00828066
117 369 0.00851004
117 247 0.0105387
117 119 0.0115029
117 499 0.0118866
117 766 0.0122324
117 940 0.012783
117 932 0.0134954
118 723 0.00313922
118 93 0.00582862
118 925 0.00793638
118 915 0.010466
118 963 0.010773
118 574 0.0110682
118 365 0.0113147
118 659 0.0136701
118 287 0.014201
118 367 0.0150204
119 597 0.00119879
119 168 0.00385296
119 706 0.0056078
119 570 0.00579083
119 369 0.00617946
119 441 0.00867316
119 117 0.0115029
119 557 0.0115774
119 244 0.0122135
119 766 0.0129876
120 430 0.0141425
120 346 0.0144019
120 672 0.0162106
120 607 0.0172112
120 382 0.017623
120 207 0.0177061
120 309 0.0325486
120 635 0.0339504
120 149 0.0374649
120 174 0.0398669
121 749 0.00119214
121 271 0.00766877
121 514 0.0118325
121 323 0.0134637
121 397 0.016099
121 3 0.0184035
121 687 0.019639
121 975 0.0201802
121 47 0.0227363
121 269 0.0238902
122 733 0.00146523
122 831 0.00234488
122 276 0.00741396
122 951 0.0116059
122 977 0.0116854
122 35 0.014525
122 980 0.0168359
122 299 0.0170069
122 956 0.0207675
122 284 0.0210793
123 443 0.00305974
123 175 0.00407688
123 95 0.00996119
123 784 0.0116071
123 941 0.0120977
123 257 0.013821
123 319 0.0138996
123 3 0.0146396
123 755 0.014724
123 513 0.0149808
124 497 0.000646827
124 676 0.0102659
124 165 0.0122439
124 386 0.0146621
124 671 0.0158819
124 194 0.0159712
124 750 0.0173701
124 853 0.0226027
124 62 0.0227001
124 577 0.0231396
125 176 0.000952624
125 785 0.00540355
125 631 0.00691503
125 669 0.00730674
125 675 0.00853848
125 578 0.00926597
125 253 0.00974269
125 54 0.013206
125 362 0.0139247
125 722 0.0157953
126 674 0.00203717
126 274 0.00320771
126 218 0.00889291
126 711 0.0134514
126 78 0.0152377
126 759 0.0190535
126 141 0.0199524
126 931 0.0201593
126 724 0.0205055
126 945 0.0208168
127 428 0.00639733
127 700 0.00794512
127 28 0.00800467
127 828 0.00858117
127 526 0.00973071
127 457 0.011258
127 505 0.012092
127 637 0.0121184
127 813 0.0127417
127 887 0.0130324
128 186 0.00480393
128 328 0.00519012
128 778 0.00608266
128 726 0.0104789
128 984 0.012938
128 707 0.018253
128 92 0.0184308
128 646 0.0192436
128 208 0.0193084
128 508 0.0207484
129 197 0.00390011
129 988 0.00733987
129 403 0.00773932
129 258 0.00880559
129 145 0.0112247
129 354 0.012377
129 107 0.0131469
129 132 0.013296
129 543 0.0133473
129 992 0.0157666
130 24 0.0021394
130 435 0.00347768
130 763 0.00661092
130 112 0.00866775
130 226 0.0116476
130 717 0.0119978
130 333 0.0128227
130 346 0.0134354
130 149 0.0135908
130 957 0.0139622
131 885 0.00517722
131 44 0.0052141
131 500 0.00857548
131 43 0.00881787
131 166 0.013144
131 295 0.0163556
131 192 0.0171257
131 305 0.0179984
131 107 0.0186928
131 310 0.0188272
132 145 0.00521818
132 543 0.00638576
132 368 0.00848312
132 197 0.00886365
132 146 0.00896556
132 350 0.00941086
132 908 0.0112758
132 484 0.0124546
132 29 0.0124818
132 129 0.013296
133 719 0.00355991
133 962 0.00746688
133 897 0.00824422
133 156 0.0107403
133 567 0.0111247
133 483 0.0114945
133 422 0.0135015
133 182 0.0152719
133 310 0.0205996
133 329 0.0221186
134 784 0.00283197
134 830 0.0030401
134 95 0.00337887
134 229 0.00986025
134 209 0.0178801
134 286 0.017888
134 648 0.0197343
134 871 0.0214007
134 123 0.0214491
134 779 0.0227802
135 51 0.00206586
135 804 0.00682759
135 604 0.00902098
135 364 0.011524
135 855 0.0134855
135 590 0.0142117
135 714 0.0184743
135 715 0.0236996
135 436 0.0239284
135 153 0.0240739
136 652 0.00295664
136 311 0.00465113
136 690 0.00596341
136 967 0.00632688
136 102 0.0068404
136 387 0.0084514
136 571 0.00849614
136 623 0.00854579
136 755 0.00856556
136 319 0.0162545
137 806 0.00350329
137 491 0.0109247
137 753 0.0110454
137 281 0.013556
137 475 0.0139034
137 524 0.0145675
137 994 0.0145981
137 410 0.0155503
137 431 0.0170196
137 506 0.0171089
138 987 0.00240046
138 405 0.00754169
138 60 0.00773461
138 237 0.00802878
138 929 0.0100718
138 991 0.0100949
138 341 0.0102874
138 974 0.0114022
138 615 0.0137373
138 114 0.0154113
139 633 0.00429074
139 978 0.00548392
139 666 0.00584586
139 919 0.00856474
139 178 0.0101355
139 74 0.0107834
139 140 0.0112403
139 844 0.0117817
139 602 0.0128633
139 515 0.0138338
140 920 0.000669213
140 666 0.00349257
140 139 0.0112403
140 290 0.0147032
140 931 0.0158001
140 178 0.0175874
140 942 0.0180148
140 100 0.0181432
140 978 0.018443
140 527 0.0186894
141 517 0.00108955
141 679 0.00162927
141 509 0.00286565
141 931 0.00481653
141 78 0.0072207
141 674 0.00993528
141 235 0.0120717
141 290 0.0132148
141 415 0.0133413
141 744 0.0150983
142 572 0.00125194
142 727 0.010553
142 93 0.011474
142 461 0.0117485
142 948 0.0120603
142 143 0.0139375
142 841 0.0153466
142 876 0.0154595
142 811 0.0192252
142 825 0.0218176
143 299 0.00909198
143 35 0.00964381
143 276 0.010607
143 572 0.0124186
143 61 0.0128914
143 142 0.0139375
143 733 0.0140114
143 922 0.0178297
143 486 0.018096
143 831 0.0185343
144 938 0.0014955
144 72 0.00339588
144 240 0.00531914
144 329 0.00601218
144 182 0.00694877
144 781 0.00991869
144 98 0.0106599
144 424 0.0146315
144 897 0.0147113
144 964 0.0152973
145 368 0.00109291
145 197 0.00249977
145 698 0.00470226
145 132 0.00521818
145 543 0.00926692
145 129 0.0112247
145 146 0.0113214
145 107 0.0142719
145 484 0.0163383
145 115 0.0165367
146 484 0.00078862
146 189 0.00895755
146 132 0.00896556
146 145 0.0113214
146 368 0.0129648
146 988 0.0137045
146 571 0.0139512
146 690 0.0140667
146 197 0.0152554
146 102 0.0166125
147 952 0.00466227
147 479 0.0047715
147 238 0.00783918
147 82 0.00789343
147 355 0.00841935
147 537 0.00987003
147 184 0.0102746
147 363 0.0110718
147 431 0.0129876
147 693 0.0147
148 837 0.00459023
148 85 0.0096449
148 556 0.0105165
148 266 0.0123856
148 809 0.013118
148 414 0.0131765
148 736 0.015327
148 777 0.0161098
148 543 0.0171973
148 399 0.0179276
149 67 0.00570262
149 346 0.00713026
149 607 0.00750599
149 24 0.00806712
149 166 0.00953829
149 226 0.00978489
149 520 0.010114
149 112 0.0102968
149 435 0.0113463
149 635 0.0113546
150 598 0.0140253
150 521 0.0164431
150 30 0.0181833
150 525 0.0187359
150 846 0.0197762
150 339 0.0208998
150 538 0.0218194
150 78 0.0234098
150 347 0.0262032
150 396 0.0264491
151 265 0.00287031
151 12 0.00638888
151 369 0.00770326
151 244 0.00999196
151 441 0.0102381
151 392 0.011009
151 204 0.0167963
151 88 0.0189321
151 155 0.0196541
151 619 0.0199742
152 664 0.00169926
152 161 0.00680477
152 772 0.0119233
152 420 0.0141966
152 15 0.0191028
152 289 0.0199243
152 581 0.0225366
152 162 0.0243048
152 549 0.0253455
152 764 0.0276525
153 495 0.00725125
153 445 0.0109105
153 313 0.0145622
153 267 0.0146255
153 993 0.0148064
153 438 0.0159745
153 865 0.0200629
153 496 0.0233455
153 528 0.0234058
153 285 0.0239047
154 668 0.00249563
154 523 0.0033227
154 829 0.00367364
154 77 0.00646331
154 81 0.00704789
154 866 0.0113249
154 286 0.0152844
154 99 0.0167936
154 752 0.0178365
154 18 0.0212063
155 204 0.00424272
155 927 0.00479701
155 619 0.00523817
155 423 0.00656658
155 776 0.0109853
155 109 0.0122456
155 433 0.013984
155 219 0.0156231
155 485 0.0175587
155 179 0.0183437
156 736 0.00611214
156 258 0.00827895
156 897 0.00992538
156 992 0.0100366
156 561 0.0103219
156 483 0.0105713
156 133 0.0107403
156 354 0.0164123
156 310 0.0172999
156 295 0.0176197
157 401 0.00174277
157 216 0.00317105
157 64 0.00336114
157 687 0.00568166
157 822 0.00611064
157 234 0.00797364
157 894 0.0103614
157 645 0.0124504
157 913 0.0133224
157 514 0.0138752
158 705 0.0031669
158 459 0.00430687
158 696 0.00705596
158 297 0.00811863
158 671 0.0113491
158 471 0.0117382
158 626 0.0144286
158 367 0.0149648
158 825 0.0171088
158 42 0.019608
159 473 0.00148427
159 780 0.00709102
159 996 0.00820641
159 386 0.0221852
159 614 0.0325785
159 91 0.0331499
159 516 0.033655
159 757 0.0341349
159 580 0.0390253
159 211 0.0413764
160 42 0.00344698
160 574 0.00799378
160 730 0.00799891
160 819 0.00885829
160 264 0.00887858
160 925 0.0104228
160 297 0.0121055
160 214 0.012272
160 367 0.0149943
160 55 0.0170423
161 772 0.00308766
161 664 0.00574701
161 152 0.00680477
161 162 0.0142408
161 906 0.0171734
161 764 0.0210097
161 581 0.0210586
161 420 0.0226912
161 289 0.0248606
161 191 0.0258938
162 906 0.00951249
162 489 0.0097536
162 642 0.0116449
162 838 0.0136346
162 161 0.0142408
162 289 0.0168598
162 643 0.0191007
162 685 0.020669
162 795 0.021051
162 490 0.0214377
163 922 0.00284476
163 172 0.00311981
163 255 0.00463697
163 788 0.0124853
163 388 0.0137975
163 198 0.015426
163 616 0.0157481
163 27 0.0163559
163 293 0.0172381
163 970 0.0175235
164 963 0.00177569
164 338 0.0035992
164 180 0.00420696
164 636 0.0135763
164 572 0.0149147
164 93 0.0169751
164 768 0.0172984
164 811 0.0183927
164 118 0.0207252
164 142 0.0218821
165 956 0.00657009
165 977 0.008049
165 284 0.0100768
165 750 0.0102776
165 124 0.0122439
165 497 0.0141608
165 671 0.0151846
165 205 0.0182188
165 577 0.0206906
165 62 0.0226481
166 44 0.00476449
166 305 0.00734038
166 149 0.00953829
166 500 0.00977479
166 226 0.0112248
166 43 0.0122335
166 847 0.0122942
166 131 0.013144
166 67 0.0148852
166 541 0.0158349
167 923 0.00167354
167 174 0.00973089
167 233 0.0123122
167 688 0.0156003
167 721 0.0162848
167 935 0.0171402
167 761 0.0172318
167 309 0.0173394
167 106 0.0178815
167 834 0.0184256
168 597 0.00171004
168 119 0.00385296
168 557 0.00386241
168 570 0.00457825
168 706 0.00608352
168 76 0.00739763
168 441 0.0130857
168 369 0.0143117
168 533 0.0158529
168 391 0.0163389
169 558 0.000794477
169 622 0.00100968
169 953 0.0026415
169 429 0.00322133
169 300 0.00942932
169 648 0.014499
169 914 0.0152551
169 209 0.0153545
169 709 0.015911
169 924 0.0160626
170 213 0.0034998
170 278 0.00378179
170 945 0.00722382
170 46 0.00764227
170 527 0.00971004
170 218 0.011321
170 94 0.0141569
170 724 0.0164239
170 702 0.0175426
170 711 0.0185444
171 62 0.00311564
171 481 0.0039272
171 577 0.00479812
171 849 0.00807773
171 998 0.00860338
171 750 0.00941868
171 746 0.00963693
171 284 0.0106736
171 194 0.0137132
171 317 0.0139458
172 255 0.00283278
172 163 0.00311981
172 27 0.0058636
172 922 0.00753535
172 198 0.0082988
172 293 0.00915596
172 223 0.0117953
172 406 0.0119209
172 970 0.0148313
172 788 0.015557
173 212 0.000351526
173 221 0.00447491
173 970 0.00607623
173 81 0.00968453
173 752 0.00971981
173 408 0.0110615
173 681 0.0147748
173 293 0.015665
173 99 0.0158404
173 856 0.0172265
174 233 0.00106102
174 309 0.00125455
174 207 0.00605847
174 923 0.0067599
174 167 0.00973089
174 382 0.00991618
174 995 0.0101911
174 672 0.012416
174 834 0.0208083
174 721 0.0216019
175 941 0.00241955
175 123 0.00407688
175 108 0.00445138
175 973 0.00780953
175 443 0.009474
175 856 0.00953699
175 755 0.0104072
175 513 0.0109352
175 623 0.0126617
175 788 0.0138081
176 125 0.000952624
176 631 0.00306794
176 578 0.00629092
176 669 0.00732595
176 675 0.0084717
176 785 0.0100368
176 588 0.0103114
176 722 0.013735
176 950 0.0138189
176 362 0.0143538
177 308 0.00968325
177 36 0.0101139
177 375 0.0110421
177 746 0.0122257
177 849 0.0128836
177 380 0.015968
177 550 0.0193205
177 846 0.0249025
177 2 0.0254902
177 478 0.0272283
178 74 0.00120561
178 633 0.00448183
178 515 0.00772323
178 710 0.00842328
178 812 0.00987817
178 666 0.0099358
178 139 0.0101355
178 288 0.0107085
178 921 0.0116224
178 729 0.013233
179 655 0.000368612
179 485 0.00507748
179 433 0.00675716
179 423 0.00859581
179 776 0.0104758
179 640 0.0129541
179 254 0.0138583
179 96 0.0142409
179 155 0.0183437
179 927 0.0295624
180 963 0.00398737
180 164 0.00420696
180 338 0.0046564
180 636 0.0075592
180 686 0.0130251
180 663 0.0178118
180 118 0.019637
180 723 0.0197406
180 768 0.0197622
180 983 0.0208388
181 393 0.00464751
181 326 0.00703663
181 782 0.00969562
181 933 0.0116933
181 25 0.014776
181 68 0.0157379
181 47 0.0201757
181 8 0.0219775
181 246 0.022387
181 716 0.0226353
182 329 0.00141476
182 897 0.00362189
182 72 0.00366093
182 781 0.0046347
182 938 0.00589394
182 144 0.00694877
182 424 0.0077809
182 240 0.0115088
182 98 0.0132809
182 637 0.0135749
183 19 0.00304474
183 738 0.00404875
183 892 0.00425733
183 971 0.00662446
183 870 0.0124827
183 25 0.0159498
183 797 0.0174235
183 199 0.0179229
183 374 0.0179694
183 725 0.0185897
184 340 0.00380896
184 355 0.00503175
184 82 0.0087338
184 147 0.0102746
184 516 0.0113624
184 594 0.0129955
184 390 0.013911
184 211 0.0142168
184 693 0.0143742
184 238 0.0153948
185 692 0.000966601
185 554 0.00235582
185 289 0.00649115
185 199 0.0126005
185 489 0.0127748
185 581 0.0187186
185 900 0.0188536
185 501 0.0201954
185 551 0.0241671
185 404 0.0251876
186 128 0.00480393
186 984 0.0056871
186 726 0.00780652
186 261 0.010215
186 907 0.0107008
186 620 0.0111479
186 208 0.0117345
186 328 0.0131316
186 778 0.0142206
186 508 0.0187611
187 37 0.00160152
187 957 0.00527412
187 331 0.00740359
187 641 0.01096
187 226 0.0127472
187 43 0.0128841
187 500 0.0144269
187 435 0.0169005
187 717 0.0197784
187 0 0.0203439
188 629 0.00254734
188 754 0.0052791
188 442 0.00828987
188 353 0.00841307
188 807 0.00933539
188 595 0.0105292
188 990 0.0116631
188 808 0.0158218
188 248 0.015976
188 31 0.021604
189 102 0.00558082
189 484 0.00583019
189 146 0.00895755
189 967 0.00932657
189 571 0.0151818
189 623 0.015575
189 652 0.0160119
189 115 0.0162417
189 601 0.0166127
189 690 0.0180924
190 325 0.00637748
190 787 0.00657919
190 10 0.00868793
190 465 0.0122457
190 451 0.0127396
190 75 0.0139279
190 446 0.0150932
190 630 0.0165085
190 411 0.0198319
190 792 0.0208506
191 764 0.00304112
191 772 0.0119119
191 677 0.0137693
191 573 0.0170909
191 628 0.0209674
191 678 0.0238982
191 420 0.0240692
191 592 0.0251121
191 161 0.0258938
191 664 0.0261822
192 107 0.00510817
192 571 0.00710475
192 885 0.00799905
192 311 0.0104404
192 652 0.0118169
192 295 0.0146006
192 136 0.0165089
192 131 0.0171257
192 48 0.0191153
192 115 0.0192607
193 701 0.00229942
193 510 0.00572719
193 621 0.008019
193 272 0.00833788
193 691 0.00969564
193 886 0.0122694
193 58 0.0127935
193 683 0.0131616
193 502 0.0133108
193 536 0.0136842
194 676 0.00277013
194 62 0.00440349
194 56 0.0119968
194 577 0.012954
194 853 0.0131739
194 171 0.0137132
194 497 0.0141507
194 550 0.0144601
194 750 0.015744
194 124 0.0159712
195 895 0.000709637
195 384 0.0032289
195 794 0.0103039
195 540 0.0129873
195 17 0.0165538
195 748 0.018921
195 711 0.0192954
195 846 0.0199307
195 201 0.0240679
195 881 0.0263287
196 116 0.00514721
196 321 0.00789148
196 744 0.0111627
196 599 0.0123021
196 53 0.0142941
196 464 0.0154045
196 444 0.0154812
196 893 0.0156348
196 339 0.0208987
196 283 0.0216483
197 145 0.00249977
197 129 0.00390011
197 698 0.00614508
197 368 0.00623906
197 107 0.00799373
197 132 0.00886365
197 543 0.00958809
197 988 0.0151836
197 146 0.0152554
197 571 0.0176921
198 223 0.000633543
198 27 0.00557978
198 255 0.00703951
198 172 0.0082988
198 774 0.010935
198 163 0.015426
198 682 0.0158939
198 293 0.016629
198 246 0.0181038
198 380 0.0185748
199 900 0.00242142
199 215 0.00663724
199 501 0.0075411
199 797 0.00782006
199 19 0.00965378
199 371 0.0118364
199 185 0.0126005
199 769 0.0134797
199 692 0.0157525
199 638 0.0160007
200 887 0.000750348
200 457 0.0016932
200 832 0.0035303
200 85 0.0105909
200 828 0.0107437
200 399 0.0107706
200 736 0.0110736
200 505 0.0114313
200 428 0.0119358
200 561 0.0141382
201 540 0.00836906
201 467 0.011736
201 239 0.011833
201 384 0.0121569
201 466 0.0136715
201 83 0.0144033
201 799 0.0172024
201 789 0.0181271
201 794 0.0187259
201 507 0.0205133
202 298 0.00390212
202 602 0.0139473
202 225 0.0150019
202 805 0.0157764
202 385 0.0165637
202 23 0.0170418
202 566 0.0172784
202 919 0.0182066
202 324 0.0183331
202 231 0.0198766
203 611 0.000564743
203 237 0.00591539
203 615 0.0074272
203 891 0.0138619
203 709 0.0146268
203 306 0.0148745
203 873 0.0162035
203 114 0.0167698
203 241 0.017656
203 138 0.0178569
204 619 0.000166029
204 155 0.00424272
204 927 0.0065334
204 219 0.00881094
204 423 0.00970654
204 529 0.0107519
204 351 0.0139385
204 259 0.0140848
204 109 0.0149776
204 265 0.0152982
205 284 0.00781637
205 956 0.00961331
205 332 0.0110555
205 718 0.0131544
205 750 0.0132954
205 165 0.0182188
205 977 0.018611
205 848 0.0195346
205 577 0.022524
205 322 0.0241589
206 285 0.00847818
206 404 0.0100984
206 19 0.0112678
206 551 0.0117228
206 13 0.0127361
206 797 0.0128712
206 870 0.0162682
206 511 0.0180506
206 900 0.0181998
206 199 0.0182228
207 309 0.00288129
207 672 0.00457398
207 233 0.00482933
207 174 0.00605847
207 382 0.00807211
207 995 0.0119758
207 120 0.0177061
207 923 0.0213949
207 167 0.0297275
207 721 0.03067
208 907 0.00565933
208 632 0.00575575
208 984 0.00776015
208 999 0.00887849
208 186 0.0117345
208 620 0.0143991
208 328 0.0168671
208 348 0.0173767
208 128 0.0193084
208 707 0.020318
209 648 0.00250286
209 589 0.00286078
209 997 0.0121936
209 558 0.0122631
209 427 0.0125229
209 784 0.0135407
209 531 0.01458
209 169 0.0153545
209 579 0.01714
209 622 0.0177748
210 359 0.000324235
210 896 0.0028346
210 883 0.00531974
210 371 0.0062778
210 653 0.00679962
210 936 0.00850443
210 215 0.0123082
210 658 0.0178592
210 786 0.0197067
210 722 0.0206884
211 468 0.00144437
211 546 0.00304916
211 363 0.00624596
211 230 0.00986141
211 757 0.0133695
211 184 0.0142168
211 340 0.0152228
211 693 0.0161663
211 56 0.0172944
211 355 0.0172961
212 173 0.000351526
212 970 0.00473656
212 221 0.00573627
212 408 0.0117874
212 293 0.0119227
212 752 0.012585
212 81 0.0134974
212 856 0.0152418
212 681 0.0154258
212 406 0.0154908
213 278 3.94287e-05
213 170 0.0034998
213 46 0.00737054
213 94 0.0107381
213 527 0.0124864
213 464 0.0148615
213 945 0.0188535
213 861 0.0191834
213 881 0.0198297
213 283 0.0206012
214 55 0.000735888
214 236 0.00416555
214 447 0.00706632
214 365 0.00721908
214 905 0.00723499
214 915 0.00840854
214 925 0.00983013
214 819 0.01072
214 160 0.012272
214 659 0.0167944
215 371 0.00137205
215 199 0.00663724
215 359 0.00940978
215 900 0.0109643
215 503 0.0120026
215 210 0.0123082
215 501 0.0128639
215 892 0.0139787
215 683 0.016956
215 701 0.0179686
216 401 0.000477021
216 687 0.00236998
216 157 0.00317105
216 64 0.00586787
216 822 0.0108067
216 269 0.0121098
216 656 0.012137
216 234 0.0128117
216 894 0.0139942
216 514 0.0157195
217 69 0.000276518
217 57 0.00581506
217 680 0.0130625
217 488 0.013504
217 307 0.0148171
217 800 0.0189847
217 407 0.0200012
217 32 0.0207508
217 761 0.0228234
217 389 0.025707
218 945 0.00389498
218 724 0.00661101
218 126 0.00889291
218 654 0.00908534
218 759 0.0107014
218 170 0.011321
218 711 0.0140863
218 472 0.0145899
218 674 0.0178744
218 245 0.0190289
219 927 0.00610777
219 619 0.00675363
219 204 0.00881094
219 529 0.00921782
219 548 0.0106285
219 423 0.0155324
219 155 0.0156231
219 109 0.0205249
219 535 0.0210564
219 351 0.0215535
220 463 0.0111668
220 73 0.0113309
220 312 0.0125244
220 552 0.0135651
220 416 0.0137636
220 649 0.0159935
220 824 0.0197246
220 509 0.0214592
220 517 0.0245438
220 838 0.0268337
221 173 0.00447491
221 212 0.00573627
221 408 0.0115772
221 586 0.0123626
221 81 0.0136916
221 476 0.0152489
221 381 0.0167052
221 752 0.0168752
221 970 0.019087
221 25 0.0205763
222 563 0.00483771
222 940 0.00647309
222 6 0.00893871
222 450 0.00931529
222 699 0.00977914
222 499 0.00979537
222 985 0.0104787
222 639 0.0180503
222 526 0.0192692
222 858 0.0206612
223 198 0.000633543
223 255 0.00820622
223 27 0.00869641
223 172 0.0117953
223 774 0.0143065
223 380 0.0152294
223 682 0.0171955
223 163 0.0178856
223 388 0.0180335
223 189 0.0196103
224 417 0.00339218
224 641 0.00634275
224 16 0.00769775
224 585 0.00799373
224 617 0.00889753
224 344 0.0111874
224 0 0.0124557
224 318 0.0153696
224 80 0.0158718
224 59 0.0187146
225 41 0.00748069
225 812 0.00890187
225 231 0.00896411
225 654 0.0129905
225 74 0.0134176
225 724 0.0137874
225 805 0.0144796
225 202 0.0150019
225 566 0.0155121
225 602 0.020025
226 435 0.00275421
226 500 0.00342143
226 37 0.00749282
