<?xml version='1.0' encoding='UTF-8' standalone='no'?>
<doxygen xmlns:xsi="http://www.w3.org/2001/XMLSchema-instance" xsi:noNamespaceSchemaLocation="compound.xsd" version="1.9.1" xml:lang="en-US">
  <compounddef id="r10_8txt" kind="file" language="C++">
    <compoundname>r10.txt</compoundname>
    <briefdescription>
    </briefdescription>
    <detaileddescription>
    </detaileddescription>
    <programlisting>
<codeline lineno="1"><highlight class="normal">2.388061771742711503e+00<sp/>-7.998843946705324059e-01<sp/>0.000000000000000000e+00<sp/>-6.055455953973358785e-01<sp/>-8.978447303086828368e-01<sp/>-8.478705136616015992e-02<sp/>0.000000000000000000e+00<sp/>0.000000000000000000e+00<sp/>0.000000000000000000e+00<sp/>0.000000000000000000e+00</highlight></codeline>
<codeline lineno="2"><highlight class="normal">-7.998843946705324059e-01<sp/>3.426145759425113901e+00<sp/>-1.638176200441511243e-01<sp/>0.000000000000000000e+00<sp/>-4.796520189361042075e-01<sp/>-7.078326540851567206e-01<sp/>-9.383403917548253093e-01<sp/>-3.366186799343440228e-01<sp/>0.000000000000000000e+00<sp/>0.000000000000000000e+00</highlight></codeline>
<codeline lineno="3"><highlight class="normal">0.000000000000000000e+00<sp/>-1.638176200441511243e-01<sp/>1.048508772479271434e+00<sp/>-8.846911524351203093e-01<sp/>0.000000000000000000e+00<sp/>0.000000000000000000e+00<sp/>0.000000000000000000e+00<sp/>0.000000000000000000e+00<sp/>0.000000000000000000e+00<sp/>0.000000000000000000e+00</highlight></codeline>
<codeline lineno="4"><highlight class="normal">-6.055455953973358785e-01<sp/>0.000000000000000000e+00<sp/>-8.846911524351203093e-01<sp/>2.023397783192608657e+00<sp/>-5.331610353601525798e-01<sp/>0.000000000000000000e+00<sp/>0.000000000000000000e+00<sp/>0.000000000000000000e+00<sp/>0.000000000000000000e+00<sp/>0.000000000000000000e+00</highlight></codeline>
<codeline lineno="5"><highlight class="normal">-8.978447303086828368e-01<sp/>-4.796520189361042075e-01<sp/>0.000000000000000000e+00<sp/>-5.331610353601525798e-01<sp/>2.697683931814737868e+00<sp/>-5.616838162810112722e-01<sp/>0.000000000000000000e+00<sp/>0.000000000000000000e+00<sp/>0.000000000000000000e+00<sp/>-2.253423309287867493e-01</highlight></codeline>
<codeline lineno="6"><highlight class="normal">-8.478705136616015992e-02<sp/>-7.078326540851567206e-01<sp/>0.000000000000000000e+00<sp/>0.000000000000000000e+00<sp/>-5.616838162810112722e-01<sp/>2.784761835214184078e+00<sp/>-5.704882222059795005e-01<sp/>0.000000000000000000e+00<sp/>0.000000000000000000e+00<sp/>-8.599700912758765359e-01</highlight></codeline>
<codeline lineno="7"><highlight class="normal">0.000000000000000000e+00<sp/>-9.383403917548253093e-01<sp/>0.000000000000000000e+00<sp/>0.000000000000000000e+00<sp/>0.000000000000000000e+00<sp/>-5.704882222059795005e-01<sp/>1.890408204565853900e+00<sp/>-3.815795906050489794e-01<sp/>0.000000000000000000e+00<sp/>0.000000000000000000e+00</highlight></codeline>
<codeline lineno="8"><highlight class="normal">0.000000000000000000e+00<sp/>-3.366186799343440228e-01<sp/>0.000000000000000000e+00<sp/>0.000000000000000000e+00<sp/>0.000000000000000000e+00<sp/>0.000000000000000000e+00<sp/>-3.815795906050489794e-01<sp/>7.410893491077712447e-01<sp/>-2.289107856837824251e-02<sp/>0.000000000000000000e+00</highlight></codeline>
<codeline lineno="9"><highlight class="normal">0.000000000000000000e+00<sp/>0.000000000000000000e+00<sp/>0.000000000000000000e+00<sp/>0.000000000000000000e+00<sp/>0.000000000000000000e+00<sp/>0.000000000000000000e+00<sp/>0.000000000000000000e+00<sp/>-2.289107856837824251e-02<sp/>2.289107856837824251e-02<sp/>0.000000000000000000e+00</highlight></codeline>
<codeline lineno="10"><highlight class="normal">0.000000000000000000e+00<sp/>0.000000000000000000e+00<sp/>0.000000000000000000e+00<sp/>0.000000000000000000e+00<sp/>-2.253423309287867493e-01<sp/>-8.599700912758765359e-01<sp/>0.000000000000000000e+00<sp/>0.000000000000000000e+00<sp/>0.000000000000000000e+00<sp/>1.085312422204663285e+00</highlight></codeline>
    </programlisting>
    <location file="/home/aakash/mlpack/src/mlpack/tests/data/r10.txt"/>
  </compounddef>
</doxygen>
