0 862 0.00358331
0 344 0.0058751
0 224 0.0124557
0 43 0.013354
0 885 0.0136846
1 703 0.00567406
1 499 0.0102529
1 805 0.0127204
1 639 0.0146309
1 450 0.0147998
2 867 0.0058669
2 472 0.0102939
2 972 0.0105086
2 380 0.0127257
2 601 0.0128065
3 397 0.000432393
3 319 0.00221909
3 277 0.00577239
3 443 0.00841252
3 323 0.0107544
4 840 0.00501577
4 827 0.00810424
4 865 0.0109031
4 38 0.0119498
4 438 0.0129892
5 732 0.0032354
5 876 0.00898339
5 751 0.0117861
5 492 0.0124139
5 616 0.0129816
6 563 0.006213
6 222 0.00893871
6 569 0.00945658
6 985 0.0104823
6 940 0.0113833
7 361 0.00490745
7 97 0.00833828
7 928 0.00902167
7 437 0.00979697
7 79 0.0125709
8 547 0.0028044
8 695 0.00303588
8 419 0.00657434
8 961 0.00957553
8 716 0.0108987
9 982 0.00159429
9 113 0.00199936
9 689 0.00539645
9 843 0.00843088
9 634 0.00968861
10 446 0.00198694
10 325 0.00329223
10 451 0.00816637
10 630 0.00857785
10 190 0.00868793
11 110 0.00613474
11 742 0.00748556
11 495 0.00824391
11 775 0.008786
11 313 0.0110123
12 265 0.00116493
12 151 0.00638888
12 392 0.0118926
12 532 0.0165633
12 947 0.0197494
13 285 0.00304906
13 436 0.00453643
13 590 0.0104316
13 445 0.0108011
13 206 0.0127361
14 411 0.00147864
14 789 0.00156798
14 792 0.00228311
14 465 0.00364541
14 507 0.00378982
15 740 0.0171881
15 549 0.0174367
15 152 0.0191028
15 554 0.0198812
15 489 0.0200559
16 617 0.00121508
16 585 0.00242797
16 684 0.00739437
16 224 0.00769775
16 641 0.00938818
17 748 0.00738438
17 582 0.0101186
17 875 0.0103226
17 63 0.0147332
17 195 0.0165538
18 728 9.52207e-05
18 413 0.00325113
18 841 0.00818426
18 694 0.010023
18 668 0.0118387
19 183 0.00304474
19 971 0.0046499
19 199 0.00965378
19 892 0.0097088
19 738 0.0102406
20 358 0.00857583
20 814 0.00938255
20 671 0.0136278
20 946 0.0142165
20 730 0.025024
21 955 0.00128721
21 932 0.0044766
21 608 0.00648493
21 231 0.00795525
21 812 0.00796263
22 884 0.00417083
22 596 0.00745967
22 45 0.00981628
22 503 0.0136715
22 621 0.0151044
23 421 0.00498408
23 385 0.00609021
23 88 0.0153889
23 356 0.0166464
23 202 0.0170418
24 130 0.0021394
24 435 0.00403378
24 149 0.00806712
24 346 0.00882844
24 226 0.00981275
25 586 0.00584723
25 971 0.00589879
25 738 0.00636863
25 374 0.0093713
25 725 0.00968002
26 496 0.00414351
26 714 0.00650549
26 855 0.013011
26 232 0.0134128
26 294 0.0151773
27 293 0.00457124
27 198 0.00557978
27 172 0.0058636
27 255 0.00622129
27 406 0.00697191
28 127 0.00800467
28 813 0.0119575
28 700 0.012499
28 398 0.0137647
28 637 0.0196197
29 350 0.00134896
29 809 0.00203434
29 543 0.00919176
29 245 0.0110306
29 960 0.0123317
30 598 0.00596293
30 339 0.00920264
30 444 0.0158914
30 150 0.0181833
30 78 0.0197072
31 248 0.0020686
31 250 0.00724134
31 741 0.00930036
31 731 0.0151423
31 646 0.0185768
32 296 0.00263239
32 761 0.00272392
32 800 0.00341962
32 943 0.00456877
32 106 0.0048384
33 480 0.000534794
33 531 0.00964985
33 589 0.0108269
33 89 0.0117768
33 579 0.0125074
34 573 0.0047292
34 904 0.0113263
34 673 0.012336
34 678 0.0134172
34 232 0.0214046
35 276 0.00400863
35 143 0.00964381
35 90 0.0102888
35 733 0.0121314
35 977 0.0125663
36 746 0.00364645
36 550 0.00473545
36 177 0.0101139
36 849 0.0105859
36 521 0.0151504
37 187 0.00160152
37 43 0.00643313
37 957 0.00699901
37 226 0.00749282
37 500 0.00922736
38 827 0.00799772
38 512 0.0081589
38 4 0.0119498
38 372 0.0122933
38 338 0.0139004
39 89 0.00388581
39 80 0.00391462
39 878 0.00541092
39 839 0.00543661
39 826 0.0134353
40 958 0.00311905
40 512 0.010074
40 335 0.0137969
40 983 0.0157016
40 372 0.0185189
41 225 0.00748069
41 812 0.00981088
41 231 0.011311
41 21 0.0163153
41 268 0.0184969
42 297 0.0032055
42 574 0.0032653
42 160 0.00344698
42 819 0.00516938
42 367 0.00548453
43 44 0.00229539
43 37 0.00643313
43 500 0.00765
43 862 0.00778249
43 131 0.00881787
44 43 0.00229539
44 166 0.00476449
44 131 0.0052141
44 500 0.00644491
44 226 0.0115706
45 22 0.00981628
45 884 0.0139188
45 330 0.027336
45 503 0.0305412
45 596 0.0320381
46 527 0.00409309
46 213 0.00737054
46 235 0.00763498
46 170 0.00764227
46 278 0.00830938
47 323 0.00129116
47 277 0.00253996
47 246 0.00270932
47 397 0.00803065
47 68 0.00860323
48 880 0.0120675
48 519 0.0123969
48 539 0.0129368
48 311 0.0141098
48 387 0.0148084
49 280 0.00460652
49 545 0.00850247
49 946 0.00993023
49 287 0.0156489
49 606 0.0170544
50 930 0.00340144
50 626 0.00568291
50 587 0.00937991
50 928 0.00943102
50 158 0.0200159
51 135 0.00206586
51 364 0.00614423
51 804 0.0100899
51 604 0.0115699
51 590 0.0138746
52 917 0.00266797
52 260 0.00405346
52 273 0.004557
52 65 0.00611741
52 544 0.00661538
53 599 0.000192811
53 376 0.00185742
53 744 0.00528523
53 969 0.00564209
53 444 0.00873588
54 360 0.00235749
54 675 0.00306068
54 253 0.0037312
54 578 0.0101871
54 393 0.0125167
55 214 0.000735888
55 236 0.00337124
55 905 0.00388905
55 447 0.00395825
55 915 0.00500945
56 676 0.00508477
56 468 0.00900192
56 626 0.0092525
56 853 0.00974347
56 194 0.0119968
57 217 0.00581506
57 69 0.00630266
57 680 0.0075508
57 488 0.0167295
57 800 0.0176398
58 621 0.00214653
58 596 0.00372611
58 802 0.00470852
58 691 0.00577656
58 193 0.0127935
59 417 0.0142748
59 990 0.0153899
59 911 0.0158005
59 808 0.0160811
59 585 0.0168233
60 113 0.00419118
60 138 0.00773461
60 241 0.0102485
60 114 0.0107541
60 9 0.0115817
61 486 0.00348029
61 276 0.0102789
61 143 0.0128914
61 35 0.0152183
61 827 0.0168825
62 171 0.00311564
62 577 0.00318971
62 194 0.00440349
62 750 0.00676204
62 481 0.00986354
63 506 0.00195931
63 410 0.00274038
63 475 0.0046628
63 474 0.00673969
63 431 0.00852053
64 687 0.00310606
64 401 0.00334712
64 157 0.00336114
64 894 0.00384
64 822 0.00462436
65 544 0.0057431
65 273 0.00594993
65 52 0.00611741
65 536 0.00620807
65 691 0.00761572
66 851 0.00300451
66 76 0.00535264
66 263 0.00561072
66 729 0.010561
66 557 0.0111384
67 520 0.00263176
67 112 0.00341692
67 149 0.00570262
67 500 0.00783524
67 345 0.00867647
68 803 0.00569464
68 246 0.00602318
68 47 0.00860323
68 682 0.0091775
68 323 0.00942146
69 217 0.000276518
69 57 0.00630266
69 680 0.0125795
69 800 0.0152902
69 307 0.0156893
70 708 0.00276637
70 400 0.00390112
70 474 0.00804761
70 817 0.00876252
70 458 0.0100757
71 876 0.00615754
71 825 0.00994198
71 409 0.0102156
71 461 0.0134289
71 751 0.0159979
72 329 0.00141428
72 144 0.00339588
72 182 0.00366093
72 938 0.006398
72 781 0.00716845
73 463 0.00554864
73 649 0.0111488
73 220 0.0113309
73 552 0.0141454
73 872 0.0191982
74 178 0.00120561
74 812 0.00540086
74 633 0.00747489
74 139 0.0107834
74 710 0.0108268
75 792 0.00787417
75 847 0.0102757
75 787 0.0102981
75 411 0.011178
75 190 0.0139279
76 729 0.00411559
76 66 0.00535264
76 557 0.00625736
76 168 0.00739763
76 570 0.00758742
77 668 0.00134168
77 866 0.00297628
77 523 0.00603064
77 154 0.00646331
77 413 0.00836398
78 509 0.00386287
78 517 0.00491622
78 674 0.0069755
78 141 0.0072207
78 598 0.00772744
79 657 0.00244696
79 630 0.00260808
79 315 0.00407877
79 327 0.00566074
79 451 0.00875134
80 39 0.00391462
80 617 0.00986528
80 89 0.0109541
80 878 0.0110737
80 16 0.01114
81 523 0.00337955
81 752 0.00519987
81 829 0.00624934
81 99 0.00683556
81 154 0.00704789
82 238 0.00371509
82 516 0.00409716
82 147 0.00789343
82 184 0.0087338
82 594 0.00896325
83 799 0.00213323
83 302 0.00396008
83 507 0.00869449
83 411 0.0133466
83 789 0.0143553
84 101 0.00495622
84 559 0.00695804
84 720 0.00728749
84 366 0.00880176
84 624 0.00921311
85 399 0.00129525
85 837 0.00935241
85 148 0.0096449
85 200 0.0105909
85 457 0.0135314
86 434 0.000454736
86 656 0.00565055
86 584 0.0116766
86 798 0.0136479
86 96 0.0152947
87 739 0.00370912
87 997 0.00472131
87 494 0.00679823
87 600 0.00822629
87 801 0.011022
88 533 0.00401701
88 421 0.00510156
88 244 0.0056617
88 391 0.00971923
88 356 0.0115597
89 39 0.00388581
89 826 0.00448719
89 878 0.00605587
89 839 0.00792615
89 80 0.0109541
90 869 0.00347271
90 879 0.00431654
90 35 0.0102888
90 565 0.0150333
90 956 0.0180955
91 516 0.00247511
91 614 0.00433997
91 890 0.00601136
91 82 0.00972008
91 249 0.0104986
92 898 0.00142609
92 778 0.00395036
92 508 0.00477026
92 726 0.00731695
92 818 0.0100951
93 118 0.00582862
93 727 0.00667778
93 915 0.00896911
93 811 0.00981575
93 572 0.0101934
94 861 0.00337782
94 702 0.00448939
94 916 0.00834221
94 278 0.00957338
94 213 0.0107381
95 134 0.00337887
95 784 0.00354198
95 830 0.00412454
95 229 0.00494789
95 123 0.00996119
96 640 0.00378735
96 254 0.00521013
96 776 0.00865068
96 343 0.0120533
96 434 0.0121345
97 657 0.00410564
97 625 0.00542582
97 437 0.00616014
97 451 0.00660875
97 7 0.00833828
98 964 0.00278015
98 240 0.00399309
98 424 0.00457822
98 959 0.00473566
98 880 0.00519478
99 752 0.000803193
99 523 0.00636752
99 81 0.00683556
99 694 0.00727294
99 681 0.00907776
100 618 0.00502799
100 666 0.00830317
100 942 0.00883328
100 504 0.0105532
100 978 0.0110326
101 315 0.00397314
101 84 0.00495622
101 327 0.00725792
101 587 0.00923204
101 79 0.0100232
102 967 0.00171568
102 623 0.00544737
102 189 0.00558082
102 652 0.00654353
102 136 0.0068404
103 399 0.0194213
103 450 0.0211629
103 222 0.02166
103 563 0.0223913
103 428 0.0260273
104 708 0.00670118
104 458 0.00681219
104 817 0.0133344
104 400 0.0135201
104 70 0.0152637
105 986 0.010233
105 640 0.0105253
105 343 0.0172183
105 631 0.0198714
105 96 0.0207039
106 296 0.000679698
106 414 0.00364727
106 556 0.0042511
106 32 0.0048384
106 943 0.0062193
107 192 0.00510817
107 197 0.00799373
107 698 0.00931633
107 571 0.0116932
107 129 0.0131469
108 941 0.00170461
108 175 0.00445138
108 513 0.00683887
108 788 0.0101613
108 378 0.0124269
109 927 0.00705396
109 529 0.00761415
109 155 0.0122456
109 535 0.0145995
109 204 0.0149776
110 775 0.00263234
110 11 0.00613474
110 840 0.00713004
110 495 0.0105968
110 742 0.0146456
111 835 0.00405838
111 396 0.00768653
111 848 0.0162121
111 998 0.020519
111 454 0.0206345
112 67 0.00341692
112 333 0.0047694
112 345 0.0079169
112 130 0.00866775
112 520 0.00947041
113 9 0.00199936
113 982 0.0038824
113 60 0.00419118
113 241 0.00930694
113 689 0.0121237
114 836 0.00715653
114 873 0.00918229
114 253 0.0100541
114 60 0.0107541
114 241 0.0128893
115 571 0.00818334
115 316 0.00957467
115 368 0.0107638
115 651 0.0111883
115 652 0.0121062
116 196 0.00514721
116 283 0.00715363
116 893 0.0104428
116 321 0.0109384
116 464 0.0135612
117 639 0.00657023
117 699 0.00765338
117 244 0.00828066
117 369 0.00851004
117 247 0.0105387
118 723 0.00313922
118 93 0.00582862
118 925 0.00793638
118 915 0.010466
118 963 0.010773
119 597 0.00119879
119 168 0.00385296
119 706 0.0056078
119 570 0.00579083
119 369 0.00617946
120 430 0.0141425
120 346 0.0144019
120 672 0.0162106
120 607 0.0172112
120 382 0.017623
121 749 0.00119214
121 271 0.00766877
121 514 0.0118325
121 323 0.0134637
121 397 0.016099
122 733 0.00146523
122 831 0.00234488
122 276 0.00741396
122 951 0.0116059
122 977 0.0116854
123 443 0.00305974
123 175 0.00407688
123 95 0.00996119
123 784 0.0116071
123 941 0.0120977
124 497 0.000646827
124 676 0.0102659
124 165 0.0122439
124 386 0.0146621
124 671 0.0158819
125 176 0.000952624
125 785 0.00540355
125 631 0.00691503
125 669 0.00730674
125 675 0.00853848
126 674 0.00203717
126 274 0.00320771
126 218 0.00889291
126 711 0.0134514
126 78 0.0152377
127 428 0.00639733
127 700 0.00794512
127 28 0.00800467
127 828 0.00858117
127 526 0.00973071
128 186 0.00480393
128 328 0.00519012
128 778 0.00608266
128 726 0.0104789
128 984 0.012938
129 197 0.00390011
129 988 0.00733987
129 403 0.00773932
129 258 0.00880559
129 145 0.0112247
130 24 0.0021394
130 435 0.00347768
130 763 0.00661092
130 112 0.00866775
130 226 0.0116476
131 885 0.00517722
131 44 0.0052141
131 500 0.00857548
131 43 0.00881787
131 166 0.013144
132 145 0.00521818
132 543 0.00638576
132 368 0.00848312
132 197 0.00886365
132 146 0.00896556
133 719 0.00355991
133 962 0.00746688
133 897 0.00824422
133 156 0.0107403
133 567 0.0111247
134 784 0.00283197
134 830 0.0030401
134 95 0.00337887
134 229 0.00986025
134 209 0.0178801
135 51 0.00206586
135 804 0.00682759
135 604 0.00902098
135 364 0.011524
135 855 0.0134855
136 652 0.00295664
136 311 0.00465113
136 690 0.00596341
136 967 0.00632688
136 102 0.0068404
137 806 0.00350329
137 491 0.0109247
137 753 0.0110454
137 281 0.013556
137 475 0.0139034
138 987 0.00240046
138 405 0.00754169
138 60 0.00773461
138 237 0.00802878
138 929 0.0100718
139 633 0.00429074
139 978 0.00548392
139 666 0.00584586
139 919 0.00856474
139 178 0.0101355
140 920 0.000669213
140 666 0.00349257
140 139 0.0112403
140 290 0.0147032
140 931 0.0158001
141 517 0.00108955
141 679 0.00162927
141 509 0.00286565
141 931 0.00481653
141 78 0.0072207
142 572 0.00125194
142 727 0.010553
142 93 0.011474
142 461 0.0117485
142 948 0.0120603
143 299 0.00909198
143 35 0.00964381
143 276 0.010607
143 572 0.0124186
143 61 0.0128914
144 938 0.0014955
144 72 0.00339588
144 240 0.00531914
144 329 0.00601218
144 182 0.00694877
145 368 0.00109291
145 197 0.00249977
145 698 0.00470226
145 132 0.00521818
145 543 0.00926692
146 484 0.00078862
146 189 0.00895755
146 132 0.00896556
146 145 0.0113214
146 368 0.0129648
147 952 0.00466227
147 479 0.0047715
147 238 0.00783918
147 82 0.00789343
147 355 0.00841935
148 837 0.00459023
148 85 0.0096449
148 556 0.0105165
148 266 0.0123856
148 809 0.013118
149 67 0.00570262
149 346 0.00713026
149 607 0.00750599
149 24 0.00806712
149 166 0.00953829
150 598 0.0140253
150 521 0.0164431
150 30 0.0181833
150 525 0.0187359
150 846 0.0197762
151 265 0.00287031
151 12 0.00638888
151 369 0.00770326
151 244 0.00999196
151 441 0.0102381
152 664 0.00169926
152 161 0.00680477
152 772 0.0119233
152 420 0.0141966
152 15 0.0191028
153 495 0.00725125
153 445 0.0109105
153 313 0.0145622
153 267 0.0146255
153 993 0.0148064
154 668 0.00249563
154 523 0.0033227
154 829 0.00367364
154 77 0.00646331
154 81 0.00704789
155 204 0.00424272
155 927 0.00479701
155 619 0.00523817
155 423 0.00656658
155 776 0.0109853
156 736 0.00611214
156 258 0.00827895
156 897 0.00992538
156 992 0.0100366
156 561 0.0103219
157 401 0.00174277
157 216 0.00317105
157 64 0.00336114
157 687 0.00568166
157 822 0.00611064
158 705 0.0031669
158 459 0.00430687
158 696 0.00705596
158 297 0.00811863
158 671 0.0113491
159 473 0.00148427
159 780 0.00709102
159 996 0.00820641
159 386 0.0221852
159 614 0.0325785
160 42 0.00344698
160 574 0.00799378
160 730 0.00799891
160 819 0.00885829
160 264 0.00887858
161 772 0.00308766
161 664 0.00574701
161 152 0.00680477
161 162 0.0142408
161 906 0.0171734
162 906 0.00951249
162 489 0.0097536
162 642 0.0116449
162 838 0.0136346
162 161 0.0142408
163 922 0.00284476
163 172 0.00311981
163 255 0.00463697
163 788 0.0124853
163 388 0.0137975
164 963 0.00177569
164 338 0.0035992
164 180 0.00420696
164 636 0.0135763
164 572 0.0149147
165 956 0.00657009
165 977 0.008049
165 284 0.0100768
165 750 0.0102776
165 124 0.0122439
166 44 0.00476449
166 305 0.00734038
166 149 0.00953829
166 500 0.00977479
166 226 0.0112248
167 923 0.00167354
167 174 0.00973089
167 233 0.0123122
167 688 0.0156003
167 721 0.0162848
168 597 0.00171004
168 119 0.00385296
168 557 0.00386241
168 570 0.00457825
168 706 0.00608352
169 558 0.000794477
169 622 0.00100968
169 953 0.0026415
169 429 0.00322133
169 300 0.00942932
170 213 0.0034998
170 278 0.00378179
170 945 0.00722382
170 46 0.00764227
170 527 0.00971004
171 62 0.00311564
171 481 0.0039272
171 577 0.00479812
171 849 0.00807773
171 998 0.00860338
172 255 0.00283278
172 163 0.00311981
172 27 0.0058636
172 922 0.00753535
172 198 0.0082988
173 212 0.000351526
173 221 0.00447491
173 970 0.00607623
173 81 0.00968453
173 752 0.00971981
174 233 0.00106102
174 309 0.00125455
174 207 0.00605847
174 923 0.0067599
174 167 0.00973089
175 941 0.00241955
175 123 0.00407688
175 108 0.00445138
175 973 0.00780953
175 443 0.009474
176 125 0.000952624
176 631 0.00306794
176 578 0.00629092
176 669 0.00732595
176 675 0.0084717
177 308 0.00968325
177 36 0.0101139
177 375 0.0110421
177 746 0.0122257
177 849 0.0128836
178 74 0.00120561
178 633 0.00448183
178 515 0.00772323
178 710 0.00842328
178 812 0.00987817
179 655 0.000368612
179 485 0.00507748
179 433 0.00675716
179 423 0.00859581
179 776 0.0104758
180 963 0.00398737
180 164 0.00420696
180 338 0.0046564
180 636 0.0075592
180 686 0.0130251
181 393 0.00464751
181 326 0.00703663
181 782 0.00969562
181 933 0.0116933
181 25 0.014776
182 329 0.00141476
182 897 0.00362189
182 72 0.00366093
182 781 0.0046347
182 938 0.00589394
183 19 0.00304474
183 738 0.00404875
183 892 0.00425733
183 971 0.00662446
183 870 0.0124827
184 340 0.00380896
184 355 0.00503175
184 82 0.0087338
184 147 0.0102746
184 516 0.0113624
185 692 0.000966601
185 554 0.00235582
185 289 0.00649115
185 199 0.0126005
185 489 0.0127748
186 128 0.00480393
186 984 0.0056871
186 726 0.00780652
186 261 0.010215
186 907 0.0107008
187 37 0.00160152
187 957 0.00527412
187 331 0.00740359
187 641 0.01096
187 226 0.0127472
188 629 0.00254734
188 754 0.0052791
188 442 0.00828987
188 353 0.00841307
188 807 0.00933539
189 102 0.00558082
189 484 0.00583019
189 146 0.00895755
189 967 0.00932657
189 571 0.0151818
190 325 0.00637748
190 787 0.00657919
190 10 0.00868793
190 465 0.0122457
190 451 0.0127396
191 764 0.00304112
191 772 0.0119119
191 677 0.0137693
191 573 0.0170909
191 628 0.0209674
192 107 0.00510817
192 571 0.00710475
192 885 0.00799905
192 311 0.0104404
192 652 0.0118169
193 701 0.00229942
193 510 0.00572719
193 621 0.008019
193 272 0.00833788
193 691 0.00969564
194 676 0.00277013
194 62 0.00440349
194 56 0.0119968
194 577 0.012954
194 853 0.0131739
195 895 0.000709637
195 384 0.0032289
195 794 0.0103039
195 540 0.0129873
195 17 0.0165538
196 116 0.00514721
196 321 0.00789148
196 744 0.0111627
196 599 0.0123021
196 53 0.0142941
197 145 0.00249977
197 129 0.00390011
197 698 0.00614508
197 368 0.00623906
197 107 0.00799373
198 223 0.000633543
198 27 0.00557978
198 255 0.00703951
198 172 0.0082988
198 774 0.010935
199 900 0.00242142
199 215 0.00663724
199 501 0.0075411
199 797 0.00782006
199 19 0.00965378
200 887 0.000750348
200 457 0.0016932
200 832 0.0035303
200 85 0.0105909
200 828 0.0107437
201 540 0.00836906
201 467 0.011736
201 239 0.011833
201 384 0.0121569
201 466 0.0136715
202 298 0.00390212
202 602 0.0139473
202 225 0.0150019
202 805 0.0157764
202 385 0.0165637
203 611 0.000564743
203 237 0.00591539
203 615 0.0074272
203 891 0.0138619
203 709 0.0146268
204 619 0.000166029
204 155 0.00424272
204 927 0.0065334
204 219 0.00881094
204 423 0.00970654
205 284 0.00781637
205 956 0.00961331
205 332 0.0110555
205 718 0.0131544
205 750 0.0132954
206 285 0.00847818
206 404 0.0100984
206 19 0.0112678
206 551 0.0117228
206 13 0.0127361
207 309 0.00288129
207 672 0.00457398
207 233 0.00482933
207 174 0.00605847
207 382 0.00807211
208 907 0.00565933
208 632 0.00575575
208 984 0.00776015
208 999 0.00887849
208 186 0.0117345
209 648 0.00250286
209 589 0.00286078
209 997 0.0121936
209 558 0.0122631
209 427 0.0125229
210 359 0.000324235
210 896 0.0028346
210 883 0.00531974
210 371 0.0062778
210 653 0.00679962
211 468 0.00144437
211 546 0.00304916
211 363 0.00624596
211 230 0.00986141
211 757 0.0133695
212 173 0.000351526
212 970 0.00473656
212 221 0.00573627
212 408 0.0117874
212 293 0.0119227
213 278 3.94287e-05
213 170 0.0034998
213 46 0.00737054
213 94 0.0107381
213 527 0.0124864
214 55 0.000735888
214 236 0.00416555
214 447 0.00706632
214 365 0.00721908
214 905 0.00723499
215 371 0.00137205
215 199 0.00663724
215 359 0.00940978
215 900 0.0109643
215 503 0.0120026
216 401 0.000477021
216 687 0.00236998
216 157 0.00317105
216 64 0.00586787
216 822 0.0108067
217 69 0.000276518
217 57 0.00581506
217 680 0.0130625
217 488 0.013504
217 307 0.0148171
218 945 0.00389498
218 724 0.00661101
218 126 0.00889291
218 654 0.00908534
218 759 0.0107014
219 927 0.00610777
219 619 0.00675363
219 204 0.00881094
219 529 0.00921782
219 548 0.0106285
220 463 0.0111668
220 73 0.0113309
220 312 0.0125244
220 552 0.0135651
220 416 0.0137636
221 173 0.00447491
221 212 0.00573627
221 408 0.0115772
221 586 0.0123626
221 81 0.0136916
222 563 0.00483771
222 940 0.00647309
222 6 0.00893871
222 450 0.00931529
222 699 0.00977914
223 198 0.000633543
223 255 0.00820622
223 27 0.00869641
223 172 0.0117953
223 774 0.0143065
224 417 0.00339218
224 641 0.00634275
224 16 0.00769775
224 585 0.00799373
224 617 0.00889753
225 41 0.00748069
225 812 0.00890187
225 231 0.00896411
225 654 0.0129905
225 74 0.0134176
226 435 0.00275421
226 500 0.00342143
226 37 0.00749282
226 957 0.00820044
226 67 0.00954391
227 341 0.00215454
227 836 0.00818895
227 52 0.011836
227 560 0.0125135
227 987 0.0127783
228 789 0.00362156
228 14 0.0038504
228 466 0.00569883
228 792 0.0067067
228 411 0.00827826
229 95 0.00494789
229 779 0.00805264
229 830 0.00831107
229 257 0.00877283
229 882 0.00927997
230 693 0.00496493
230 546 0.0061347
230 211 0.00986141
230 355 0.0107263
230 361 0.0129008
231 805 0.00667739
231 21 0.00795525
231 225 0.00896411
231 812 0.0100307
231 41 0.011311
232 714 0.00188066
232 904 0.00312164
232 855 0.00892688
232 678 0.0118067
232 26 0.0134128
233 174 0.00106102
233 309 0.00113235
233 207 0.00482933
233 923 0.0084623
233 995 0.0112071
234 822 0.00187082
234 645 0.00524695
234 894 0.0074118
234 157 0.00797364
234 791 0.00817223
235 415 0.00363077
235 46 0.00763498
235 679 0.00875727
235 141 0.0120717
235 744 0.0123599
236 447 0.00243029
236 915 0.00275784
236 905 0.00317008
236 55 0.00337124
236 214 0.00416555
237 203 0.00591539
237 615 0.00683483
237 138 0.00802878
237 611 0.00904907
237 405 0.0161458
238 82 0.00371509
238 594 0.00515994
238 281 0.00699384
238 431 0.00751952
238 147 0.00783918
239 540 0.00442091
239 852 0.00788289
239 466 0.0110404
239 201 0.011833
239 543 0.0139677
240 938 0.00151072
240 98 0.00399309
240 144 0.00531914
240 424 0.00677892
240 964 0.00710945
241 873 0.00266075
241 891 0.00427015
241 306 0.00438251
241 982 0.00756187
241 383 0.00778425
242 476 0.00479847
242 374 0.00495586
242 270 0.00928138
242 586 0.0106314
242 502 0.0117731
243 886 0.00572373
243 544 0.0107335
243 52 0.0143719
243 227 0.0170251
243 936 0.0181036
244 369 0.00338917
244 533 0.00488658
244 88 0.0056617
244 117 0.00828066
244 441 0.00941284
245 960 0.00156966
245 937 0.00284279
245 268 0.00351287
245 945 0.00738243
245 756 0.00777225
246 47 0.00270932
246 277 0.00504451
246 68 0.00602318
246 323 0.00649531
246 27 0.00871123
247 392 0.00453634
247 766 0.00489625
247 985 0.00853924
247 117 0.0105387
247 699 0.0109694
248 31 0.0020686
248 731 0.00840027
248 442 0.00895124
248 250 0.0093081
248 741 0.0122747
249 426 0.00401209
249 890 0.00515651
249 910 0.00785859
249 863 0.00856287
249 91 0.0104986
250 646 0.00352994
250 741 0.00469487
250 31 0.00724134
250 291 0.00865666
250 248 0.0093081
251 381 0.00393589
251 823 0.0041194
251 476 0.00713094
251 270 0.00736745
251 850 0.00829711
252 343 0.00184997
252 986 0.00263363
252 588 0.00769248
252 950 0.0115742
252 356 0.0126748
253 54 0.0037312
253 785 0.0051672
253 836 0.00560438
253 675 0.00716791
253 125 0.00974269
254 96 0.00521013
254 584 0.0104214
254 434 0.0125685
254 640 0.012743
254 179 0.0138583
255 172 0.00283278
255 163 0.00463697
255 27 0.00622129
255 788 0.00670933
255 293 0.006726
256 260 0.0020594
256 917 0.00514437
256 273 0.00997484
256 52 0.0102464
256 65 0.0144356
257 229 0.00877283
257 882 0.0107957
257 518 0.0128698
257 123 0.013821
257 856 0.0141627
258 992 0.00242252
258 354 0.00258318
258 561 0.00286628
258 403 0.0047276
258 736 0.00579759
259 351 0.000122372
259 535 0.00256919
259 858 0.00675941
259 529 0.00848844
259 204 0.0140848
260 917 0.000709614
260 256 0.0020594
260 52 0.00405346
260 273 0.00466175
260 65 0.0109758
261 620 0.00529732
261 726 0.00719612
261 984 0.00928894
261 968 0.00960735
261 186 0.010215
262 281 0.00288309
262 238 0.00867612
262 524 0.0098071
262 594 0.0104005
262 753 0.0113946
263 66 0.00561072
263 851 0.00796011
263 504 0.00833727
263 609 0.0161517
263 76 0.01802
264 925 0.00360239
264 734 0.00445898
264 160 0.00887858
264 730 0.00962105
264 365 0.00996042
265 12 0.00116493
265 151 0.00287031
265 392 0.00889295
265 204 0.0152982
265 369 0.017332
266 777 0.00120383
266 379 0.00446134
266 342 0.00508511
266 466 0.011769
266 148 0.0123856
267 438 0.00226901
267 865 0.00329024
267 840 0.0129896
267 153 0.0146255
267 993 0.0146388
268 245 0.00351287
268 756 0.00398946
268 960 0.00442613
268 702 0.0053627
268 937 0.00620154
269 815 0.00549098
269 656 0.00652041
269 687 0.00907675
269 216 0.0121098
269 401 0.0143259
270 370 0.00446261
270 381 0.0065726
270 476 0.00659619
270 251 0.00736745
270 242 0.00928138
271 975 0.00450815
271 360 0.00715538
271 121 0.00766877
271 749 0.0114023
271 675 0.0169657
272 510 0.00184334
272 193 0.00833788
272 502 0.00844433
272 933 0.0101517
272 242 0.013126
273 544 0.00332837
273 917 0.0039905
273 52 0.004557
273 260 0.00466175
273 65 0.00594993
274 674 0.00299033
274 126 0.00320771
274 78 0.00829488
274 509 0.0143335
274 931 0.0144612
275 818 0.00535177
275 469 0.00640643
275 530 0.00921623
275 770 0.0151756
275 508 0.0163703
276 35 0.00400863
276 733 0.00488801
276 122 0.00741396
276 831 0.00903173
276 61 0.0102789
277 47 0.00253996
277 397 0.00368828
277 323 0.00485236
277 246 0.00504451
277 3 0.00577239
278 213 3.94287e-05
278 170 0.00378179
278 46 0.00830938
278 94 0.00957338
278 527 0.0131057
279 774 0.00443783
279 627 0.00565103
279 725 0.0122668
279 612 0.0161076
279 695 0.0178171
280 49 0.00460652
280 545 0.00741689
280 946 0.0116457
280 814 0.0127158
280 358 0.0220771
281 262 0.00288309
281 753 0.0046684
281 431 0.0065871
281 238 0.00699384
281 475 0.00866611
282 950 0.000952687
282 961 0.00682872
282 815 0.00806681
282 588 0.00835814
282 716 0.00919382
283 881 0.00690524
283 116 0.00715363
283 464 0.0115931
283 893 0.0122491
283 525 0.0145343
284 750 0.000971736
284 577 0.00461082
284 718 0.00732621
284 205 0.00781637
284 977 0.00934308
285 13 0.00304906
285 404 0.00594487
285 206 0.00847818
285 551 0.00991491
285 436 0.0136109
286 830 0.00686794
286 829 0.0073068
286 793 0.0117211
286 564 0.0136773
286 154 0.0152844
287 946 0.0132476
287 118 0.014201
287 663 0.0142497
287 723 0.0145842
287 49 0.0156489
288 921 0.00408473
288 178 0.0107085
288 74 0.0117523
288 527 0.0136401
288 812 0.0141267
289 692 0.00264178
289 581 0.00458036
289 185 0.00649115
289 554 0.00942471
289 489 0.0126454
290 942 0.0087717
290 415 0.0111951
290 824 0.0112966
290 931 0.0125497
290 141 0.0132148
291 250 0.00865666
291 731 0.00879338
291 707 0.0130138
291 646 0.015093
291 248 0.0185571
292 937 0.00280162
292 916 0.00473604
292 861 0.00556014
292 960 0.00610114
292 702 0.00671251
293 973 0.00347979
293 27 0.00457124
293 970 0.00572433
293 856 0.00644312
293 255 0.006726
294 402 0.00233058
294 904 0.0124802
294 714 0.0147102
294 232 0.0149433
294 26 0.0151773
295 310 0.00219773
295 959 0.0125155
295 880 0.0133392
295 107 0.0142428
295 493 0.0145206
296 106 0.000679698
296 32 0.00263239
296 943 0.00297338
296 414 0.00338053
296 448 0.00424842
297 42 0.0032055
297 705 0.00351216
297 367 0.00721147
297 459 0.00752902
297 158 0.00811863
298 202 0.00390212
298 324 0.00889416
298 650 0.011974
298 566 0.013689
298 972 0.0218238
299 831 0.0080311
299 733 0.0089895
299 143 0.00909198
299 612 0.0130274
299 922 0.0138518
300 429 0.00186839
300 622 0.00462628
300 770 0.00579777
300 953 0.00608067
300 169 0.00942932
301 382 0.012483
301 697 0.0141091
301 430 0.0165886
301 307 0.0192636
301 541 0.0220695
302 83 0.00396008
302 799 0.00504077
302 389 0.0106244
302 411 0.0124094
302 507 0.0141959
303 979 0.00278712
303 584 0.00708768
303 816 0.00799674
303 576 0.00823559
303 975 0.00935862
304 969 0.0172656
304 599 0.0181265
304 444 0.0182151
304 53 0.0183581
304 783 0.0194124
305 635 0.00725185
305 166 0.00734038
305 541 0.00772174
305 520 0.0111196
305 310 0.011596
306 891 7.289e-05
306 395 0.00289763
306 241 0.00438251
306 873 0.00454015
306 383 0.0046995
307 217 0.0148171
307 69 0.0156893
307 995 0.0182635
307 761 0.0185222
307 301 0.0192636
308 412 0.00613274
308 177 0.00968325
308 478 0.0102838
308 651 0.0107506
308 852 0.0159356
309 233 0.00113235
309 174 0.00125455
309 207 0.00288129
309 995 0.0061465
309 672 0.00674585
310 295 0.00219773
310 493 0.00972969
310 305 0.011596
310 962 0.011653
310 520 0.0129398
311 136 0.00465113
311 690 0.00515451
311 652 0.00968574
311 959 0.00979163
311 571 0.00993162
312 824 0.00564908
312 931 0.00762038
312 509 0.00890257
312 838 0.00961794
312 517 0.0109435
313 993 0.00502191
313 495 0.00596379
313 11 0.0110123
313 528 0.0125293
313 153 0.0145622
314 821 0.00372185
314 462 0.00897192
314 613 0.00965627
314 618 0.012946
314 534 0.013592
315 327 0.000700788
315 101 0.00397314
315 79 0.00407877
315 630 0.00599199
315 657 0.0116744
316 412 0.00462523
316 651 0.00492718
316 478 0.00813409
316 115 0.00957467
316 899 0.0125842
317 454 0.00482769
317 605 0.0077867
317 481 0.00884903
317 849 0.00897527
317 375 0.00931464
318 911 0.00746891
318 641 0.0109942
318 344 0.0137938
318 0 0.0149315
318 224 0.0153696
319 3 0.00221909
319 397 0.00442303
319 443 0.00545271
319 427 0.0062591
319 531 0.0112829
320 602 0.00294809
320 515 0.00475105
320 710 0.00529945
320 845 0.00647541
320 888 0.00924842
321 893 0.00539945
321 339 0.00783705
321 196 0.00789148
321 116 0.0109384
321 994 0.0110224
322 332 0.00468266
322 760 0.010537
322 951 0.0130772
322 364 0.0198404
322 205 0.0241589
323 47 0.00129116
323 277 0.00485236
323 246 0.00649531
323 749 0.00686117
323 397 0.00702262
324 877 0.00571026
324 972 0.00823737
324 298 0.00889416
324 566 0.0131398
324 859 0.0155674
325 465 0.00235931
325 10 0.00329223
325 446 0.00339401
325 451 0.00567011
325 190 0.00637748
326 181 0.00703663
326 393 0.00770583
326 323 0.00974364
326 360 0.0114031
326 47 0.0114275
327 315 0.000700788
327 79 0.00566074
327 630 0.00610172
327 101 0.00725792
327 587 0.0135778
328 128 0.00519012
328 186 0.0131316
328 208 0.0168671
328 646 0.0185506
328 707 0.019984
329 72 0.00141428
329 182 0.00141476
329 781 0.0029549
329 144 0.00601218
329 938 0.00667649
330 683 0.00229366
330 452 0.00256059
330 653 0.0133323
330 701 0.0138712
330 621 0.0151745
331 957 0.00613875
331 187 0.00740359
331 717 0.00853539
331 500 0.00946768
331 37 0.00998064
332 322 0.00468266
332 205 0.0110555
332 565 0.0135343
332 951 0.0169118
332 879 0.0182248
333 112 0.0047694
333 763 0.00885238
333 717 0.0121519
333 345 0.0123633
333 334 0.0127235
334 333 0.0127235
334 717 0.0150975
334 348 0.0176687
334 632 0.0203622
334 763 0.0204911
335 715 0.0068893
335 958 0.00808025
335 372 0.012872
335 40 0.0137969
335 512 0.0186896
336 889 0.00602166
336 282 0.0107549
336 950 0.010803
336 722 0.013122
336 252 0.0135309
337 662 0.00246861
337 477 0.00370915
337 807 0.00413103
337 442 0.0166029
337 353 0.0174071
338 164 0.0035992
338 636 0.00438152
338 180 0.0046564
338 963 0.00871871
338 38 0.0139004
339 347 0.00456594
339 538 0.00489493
339 893 0.00540124
339 525 0.00677697
339 603 0.00756459
340 184 0.00380896
340 516 0.00488573
340 82 0.00958254
340 91 0.0123239
340 390 0.0124653
341 227 0.00215454
341 987 0.0047499
341 560 0.00672479
341 929 0.00773367
341 138 0.0102874
342 379 0.000153885
342 777 0.004527
342 266 0.00508511
342 800 0.00532158
342 32 0.0086999
343 252 0.00184997
343 986 0.00195135
343 640 0.00596083
343 776 0.00948979
343 670 0.0100818
344 0 0.0058751
344 862 0.0105395
344 224 0.0111874
344 318 0.0137938
344 417 0.0147722
345 520 0.00656961
345 112 0.0079169
345 67 0.00867647
345 333 0.0123633
345 149 0.0156578
346 430 0.0056085
346 607 0.00656106
346 149 0.00713026
346 24 0.00882844
346 130 0.0134354
347 603 0.000479775
347 538 0.00100689
347 893 0.00232071
347 525 0.0026773
347 339 0.00456594
348 632 0.00593609
348 999 0.0129931
348 208 0.0173767
348 334 0.0176687
348 907 0.0194138
349 395 0.00062071
349 383 0.00570382
349 306 0.00613779
349 924 0.00622059
349 891 0.00715436
350 29 0.00134896
350 809 0.00631264
350 908 0.00906255
350 132 0.00941086
350 543 0.0118444
351 259 0.000122372
351 535 0.00186395
351 858 0.00692571
351 529 0.00701689
351 619 0.0137888
352 844 0.000791593
352 771 0.00500595
352 644 0.00549361
352 919 0.0100987
352 490 0.0159227
353 990 0.00563439
353 629 0.00613208
353 807 0.00627056
353 442 0.00710798
353 188 0.00841307
354 992 0.00125078
354 403 0.00144068
354 258 0.00258318
354 424 0.00448234
354 988 0.00582456
355 693 0.00342888
355 184 0.00503175
355 147 0.00841935
355 479 0.00954576
355 952 0.0101513
356 670 0.000674105
356 343 0.0112021
356 88 0.0115597
356 252 0.0126748
356 432 0.0137981
357 929 0.00156352
357 405 0.00169442
357 991 0.00612557
357 560 0.00636751
357 954 0.00841265
358 814 0.00559803
358 20 0.00857583
358 946 0.0179027
358 280 0.0220771
358 730 0.0244001
359 210 0.000324235
359 371 0.00469086
359 896 0.00474494
359 883 0.00667185
359 653 0.00734913
360 54 0.00235749
360 675 0.0037787
360 271 0.00715538
360 578 0.00771771
360 326 0.0114031
361 7 0.00490745
361 446 0.0114461
361 928 0.0119229
361 230 0.0129008
361 97 0.0133557
362 669 0.00117352
362 860 0.00553813
362 785 0.0103692
362 631 0.0129467
362 836 0.0135993
363 546 0.00321288
363 468 0.00530235
363 211 0.00624596
363 537 0.01012
363 853 0.0107499
364 51 0.00614423
364 715 0.0100758
364 135 0.011524
364 604 0.0141439
364 590 0.0165859
365 925 0.00239434
365 659 0.00477372
365 723 0.00602647
365 55 0.00623706
365 734 0.00717404
366 624 0.000682971
366 559 0.00385449
366 84 0.00880176
366 981 0.00909374
366 498 0.00988794
367 574 0.00167185
367 42 0.00548453
367 727 0.00636167
367 297 0.00721147
367 705 0.00888658
368 145 0.00109291
368 698 0.00408517
368 197 0.00623906
368 132 0.00848312
368 115 0.0107638
369 441 0.00274529
369 244 0.00338917
369 119 0.00617946
369 151 0.00770326
369 117 0.00851004
370 742 0.00340839
370 270 0.00446261
370 381 0.00503699
370 476 0.0105725
370 586 0.0117099
371 215 0.00137205
371 359 0.00469086
371 210 0.0062778
371 896 0.0104325
371 199 0.0118364
372 512 0.00389475
372 958 0.00688424
372 833 0.00987673
372 38 0.0122933
372 335 0.012872
373 505 0.0116572
373 561 0.0120454
373 399 0.0144599
373 828 0.0144972
373 645 0.0158805
374 242 0.00495586
374 586 0.00517527
374 738 0.00537548
374 476 0.00569507
374 25 0.0093713
375 849 0.00456067
375 746 0.00925991
375 317 0.00931464
375 177 0.0110421
375 481 0.0116423
376 53 0.00185742
376 599 0.00210021
376 969 0.00496249
376 976 0.00667306
376 415 0.00925063
377 919 0.006765
377 602 0.00920383
377 320 0.00930038
377 965 0.0112797
377 888 0.0140246
378 856 0.00592919
378 788 0.00885706
378 970 0.00886481
378 941 0.0102415
378 108 0.0124269
379 342 0.000153885
379 777 0.00345198
379 266 0.00446134
379 800 0.00722772
379 466 0.00960571
380 601 0.00849483
380 2 0.0127257
380 867 0.0137784
380 223 0.0152294
380 177 0.015968
381 251 0.00393589
381 370 0.00503699
381 476 0.00508533
381 270 0.0065726
381 586 0.00870337
382 672 0.00658592
382 207 0.00807211
382 309 0.00910889
382 174 0.00991618
382 301 0.012483
383 395 0.00393406
383 306 0.0046995
383 891 0.00545462
383 349 0.00570382
383 241 0.00778425
384 195 0.0032289
384 540 0.00389751
384 895 0.00483543
384 201 0.0121569
384 794 0.0137228
385 421 0.00204197
385 23 0.00609021
385 533 0.0112527
385 88 0.0130689
385 602 0.0163697
386 996 0.00811147
386 124 0.0146621
386 497 0.0170918
386 626 0.0178303
386 159 0.0221852
387 826 0.00271653
387 755 0.00770288
387 443 0.00805377
387 531 0.00829222
387 136 0.0084514
388 616 0.00309291
388 788 0.00434674
388 751 0.00522497
388 255 0.00842979
388 941 0.0121861
389 302 0.0106244
389 407 0.0141474
389 83 0.0171207
389 488 0.0182309
389 799 0.0208531
390 458 0.00354279
390 340 0.0124653
390 400 0.0138035
390 184 0.013911
390 70 0.0160425
391 533 0.00302502
391 845 0.00401099
391 888 0.00735094
391 88 0.00971923
391 320 0.0120657
392 247 0.00453634
392 265 0.00889295
392 947 0.00917046
392 151 0.011009
392 532 0.0115807
393 181 0.00464751
393 326 0.00770583
393 782 0.00924227
393 933 0.0106848
393 54 0.0125167
394 767 0.00339923
394 418 0.00846449
394 456 0.0119337
394 735 0.0122291
394 661 0.0147919
395 349 0.00062071
395 306 0.00289763
395 891 0.00366183
395 383 0.00393406
395 924 0.00475949
396 835 0.00534284
396 111 0.00768653
396 998 0.00827495
396 521 0.00910961
396 939 0.0091953
397 3 0.000432393
397 277 0.00368828
397 319 0.00442303
397 323 0.00702262
397 47 0.00803065
398 700 0.00890563
398 567 0.0106408
398 28 0.0137647
398 745 0.016987
398 637 0.0171641
399 85 0.00129525
399 457 0.0107492
399 200 0.0107706
399 373 0.0144599
399 887 0.0160015
400 70 0.00390112
400 458 0.0055684
400 708 0.00609161
400 474 0.0129135
400 104 0.0135201
401 216 0.000477021
401 157 0.00174277
401 687 0.00214387
401 64 0.00334712
401 822 0.00691974
402 294 0.00233058
402 904 0.0231201
402 26 0.0247726
402 714 0.0251796
402 232 0.0262921
403 354 0.00144068
403 988 0.00194469
403 992 0.00417565
403 258 0.0047276
403 129 0.00773932
404 551 0.00127344
404 285 0.00594487
404 206 0.0100984
404 581 0.0101793
404 797 0.0110126
405 929 0.000892191
405 357 0.00169442
405 991 0.0028275
405 987 0.00406591
405 138 0.00754169
406 27 0.00697191
406 725 0.00810638
406 293 0.0117173
406 172 0.0119209
406 842 0.0140357
407 466 0.0122192
407 799 0.0125262
407 389 0.0141474
407 800 0.0143755
407 69 0.0159808
408 173 0.0110615
408 752 0.011111
408 221 0.0115772
408 212 0.0117874
408 99 0.0142795
409 437 0.00208984
409 625 0.00554716
409 71 0.0102156
409 696 0.0108491
409 97 0.0118343
410 63 0.00274038
410 506 0.00482704
410 475 0.00562864
410 431 0.00703533
410 806 0.0101164
411 792 0.000941179
411 14 0.00147864
411 465 0.00403981
411 799 0.00509953
411 507 0.00532399
412 651 0.00246548
412 478 0.0039882
412 316 0.00462523
412 308 0.00613274
412 899 0.0143895
413 18 0.00325113
413 728 0.00327232
413 866 0.00642416
413 77 0.00836398
413 668 0.0115627
414 448 0.00280918
414 944 0.00335478
414 296 0.00338053
414 106 0.00364727
414 943 0.0044736
415 235 0.00363077
415 679 0.00863974
415 376 0.00925063
415 290 0.0111951
415 141 0.0133413
416 220 0.0137636
416 592 0.0208368
416 73 0.0224977
416 649 0.0225696
416 758 0.0255985
417 224 0.00339218
417 585 0.0136212
417 16 0.0138915
417 59 0.0142748
417 344 0.0147722
418 767 0.00424225
418 735 0.00478802
418 394 0.00846449
418 903 0.0087718
418 455 0.0109633
419 716 0.00174994
419 961 0.00206308
419 8 0.00657434
419 547 0.0102426
419 889 0.0120233
420 628 0.0105903
420 664 0.0115295
420 152 0.0141966
420 772 0.0155614
420 764 0.0194178
421 385 0.00204197
421 23 0.00498408
421 88 0.00510156
421 533 0.00664569
421 244 0.0116917
422 719 0.0061913
422 962 0.00967241
422 133 0.0135015
422 635 0.0145485
422 345 0.0218933
423 485 0.00342981
423 155 0.00656658
423 179 0.00859581
423 433 0.00882228
423 619 0.00950523
424 992 0.0039519
424 354 0.00448234
424 98 0.00457822
424 897 0.00543934
424 240 0.00677892
425 549 0.00230595
425 487 0.00450768
425 821 0.00975179
425 613 0.0137669
425 462 0.0143283
426 249 0.00401209
426 910 0.00449691
426 762 0.0110674
426 262 0.0125633
426 594 0.0145156
427 600 0.00357991
427 531 0.0057499
427 319 0.0062591
427 648 0.0098794
427 589 0.0101768
428 127 0.00639733
428 457 0.00755829
428 887 0.0100315
428 200 0.0119358
428 700 0.0144692
429 622 0.000816357
429 300 0.00186839
429 169 0.00322133
429 953 0.00340148
429 558 0.00479126
430 346 0.0056085
430 607 0.0077623
430 24 0.0128224
430 149 0.0129602
430 120 0.0141425
431 475 0.00229325
431 952 0.00480266
431 281 0.0065871
431 410 0.00703533
431 238 0.00751952
432 965 0.00424102
432 888 0.0113149
432 670 0.0133563
432 356 0.0137981
432 470 0.0195137
433 655 0.00658988
433 485 0.00659628
433 179 0.00675716
433 423 0.00882228
433 776 0.0135635
434 86 0.000454736
434 656 0.00771212
434 584 0.00814257
434 96 0.0121345
434 254 0.0125685
435 226 0.00275421
435 130 0.00347768
435 24 0.00403378
435 957 0.00601434
435 112 0.00959019
436 13 0.00453643
436 445 0.00862126
436 590 0.00909474
436 833 0.00970789
436 285 0.0136109
437 409 0.00208984
437 625 0.00581183
437 97 0.00616014
437 696 0.00806975
437 7 0.00979697
438 865 0.000310384
438 267 0.00226901
438 840 0.00685193
438 4 0.0129892
438 110 0.0146837
